         0          0          0          0          0          0          0          0          0          0 
       0.5      0.333        0.2      0.143     0.0909     0.0769     0.0588     0.0526     0.0435     0.0345 
      0.25      0.667        0.4      0.286      0.182      0.154      0.118      0.105      0.087      0.069 
      0.75      0.111        0.6      0.429      0.273      0.231      0.176      0.158       0.13      0.103 
     0.125      0.444        0.8      0.571      0.364      0.308      0.235      0.211      0.174      0.138 
     0.625      0.778       0.04      0.714      0.455      0.385      0.294      0.263      0.217      0.172 
     0.375      0.222       0.24      0.857      0.545      0.462      0.353      0.316      0.261      0.207 
     0.875      0.556       0.44     0.0204      0.636      0.538      0.412      0.368      0.304      0.241 
    0.0625      0.889       0.64      0.163      0.727      0.615      0.471      0.421      0.348      0.276 
     0.563      0.037       0.84      0.306      0.818      0.692      0.529      0.474      0.391       0.31 
