0 0 1
0.01 0.00999983333333333 0.99995
0.03 0.0299955001 0.999550026666444
0.07 0.0699428428996267 0.997550886593112
0.15 0.149437972387474 0.988769264779972
0.282979643785787 0.279215332876534 0.960213132097002
0.444231930587852 0.429750758024425 0.902900267938588
0.618847506411791 0.58005833553424 0.814475448456109
0.801544481614543 0.718352097975039 0.695497230767537
0.992217808576445 0.837102998338684 0.546713744884298
1.19215085013907 0.928950068832939 0.369537258305812
1.38803404346396 0.983051283193076 0.18164561595702
1.57742578292614 0.999617152310417 -0.00668088787160001
1.76181118241793 0.981399794495614 -0.189837739118966
1.94359248379391 0.93086599400201 -0.364118807776471
2.1252400767349 0.849731063999574 -0.526271294906018
2.30925350279553 0.739050254427608 -0.672840771615512
2.49842616594045 0.599302403038977 -0.799775767726317
2.69635705884602 0.430296356926247 -0.901955439324627
2.89374050106936 0.245039088214146 -0.968767118903177
3.08508035312196 0.056320832323651 -0.997633036337479
3.27085325928138 -0.128918193066037 -0.990820796755731
3.45323689545939 -0.306481691716391 -0.95095935297158
3.63467608935713 -0.473031591956126 -0.880003787923336
3.81763091194124 -0.625217578553823 -0.779215231597343
4.00474995924443 -0.759227186602224 -0.649266279252447
4.19928152200118 -0.87036782937974 -0.490219206061194
4.39795437366849 -0.94994327545734 -0.308763591536574
4.59147908325015 -0.991535132013295 -0.120291724785425
4.77896209688779 -0.996529495917627 0.0666293527651331
4.9622542531809 -0.967645531109664 0.247143400031637
5.14377095868935 -0.9070900779296 0.41775122170263
5.32596108473053 -0.816346357037699 0.575166550299332
5.5113758835955 -0.69628057323955 0.715775247681066
5.70299803772906 -0.547178185486374 0.835240211160906
5.90348362643936 -0.369849576096152 0.927420634569982
6.09967889119534 -0.181943129673265 0.981668441526858
6.28926180406741 0.00631926745937256 0.998313718531989
6.47378190113079 0.189375319439931 0.98015917732834
6.65567231159225 0.363541168388317 0.929689703613402
6.83741824756054 0.525574113417169 0.848626755887244
7.02152721624032 0.672023797022037 0.738027921704916
7.21079823043802 0.798839947356432 0.59837334471417
7.40883622859827 0.900901154768615 0.429472943935983
7.60631751117841 0.967595697447893 0.244343739815854
7.79774888943888 0.996355827376025 0.0557697659813291
7.98361132549993 0.989452173935083 -0.129312435687035
8.16608634888516 0.949513871456602 -0.306707909530091
8.34762235169892 0.878495393926325 -0.473078277008577
8.53068337877888 0.77765711248737 -0.625071596759001
8.71792343945652 0.647670662534384 -0.758872207799159
8.91259956205098 0.488596554079359 -0.86978163290484
9.11135100062775 0.307214024570704 -0.949072448233606
9.30493701659343 0.118877909754103 -0.990389823678442
9.49248529705635 -0.0678698102153548 -0.995136304286736
9.67585435341757 -0.248183372210174 -0.966030488249072
9.85746312092078 -0.418565834230779 -0.905275286950962
10.0397640075008 -0.57572898980413 -0.814350227942069
10.2253139446067 -0.71605375372429 -0.694118192217918
10.4171058101929 -0.835194118097087 -0.544860590929319
10.6176384621927 -0.926931182279075 -0.367544079394847
10.8138537038486 -0.980742551606162 -0.179757815988466
11.0034688779619 -0.996992347326702 0.00832299860696983
11.188044286643 -0.978482040873626 0.191156624677153
11.3700153857353 -0.927688561895431 0.365064473839178
11.5518693936344 -0.84632630622287 0.52680199084687
11.7361186370814 -0.735447164976404 0.672912817951022
11.9255722393273 -0.595525461356615 0.799336108443508
12.1238554262756 -0.426362214832054 0.900931595937103
12.3213976943944 -0.24122868788232 0.96702986986354
12.512849622221 -0.0527989897973978 0.99520875283921
12.5663706143592 0.000515761944045207 0.996607872004585
