-4 -0.999988033063234
-3.875 -0.999987299696382
-3.75 -0.999986898193326
-3.625 -0.999986506929715
-3.5 -0.999990099409335
-3.375 -0.999986528279954
-3.25 -0.999983466630712
-3.125 -0.999978476953911
-3 -0.999963597421834
-2.875 -0.999936143502752
-2.75 -0.999883879460949
-2.625 -0.999773687716649
-2.5 -0.999572079767938
-2.375 -0.999190373511901
-2.25 -0.998509947247648
-2.125 -0.997311750699027
-2 -0.995282847866947
-1.875 -0.991947487151821
-1.75 -0.986621221341651
-1.625 -0.978385779655486
-1.5 -0.966038988182804
-1.375 -0.948096012220551
-1.25 -0.922814922993405
-1.125 -0.888307576388969
-1 -0.842640519090574
-0.875 -0.784030218124201
-0.75 -0.711125751073252
-0.625 -0.62321292910422
-0.5 -0.520485462358055
-0.375 -0.404111635861627
-0.25 -0.276325074686748
-0.125 -0.14031607363524
0 0
0.125 0.14031607363524
0.25 0.276325074686748
0.375 0.404111635861627
0.5 0.520485462358055
0.625 0.62321292910422
0.75 0.711125751073252
0.875 0.784030218124201
1 0.842640519090574
1.125 0.888307576388969
1.25 0.922814922993405
1.375 0.948096012220551
1.5 0.966038988182804
1.625 0.978385779655486
1.75 0.986621221341651
1.875 0.991947487151821
2 0.995282847866947
2.125 0.997311750699027
2.25 0.998509947247648
2.375 0.999190373511901
2.5 0.999572079767938
2.625 0.999773687716649
2.75 0.999883879460949
2.875 0.999936143502752
3 0.999963597421834
3.125 0.999978476953911
3.25 0.999983466630712
3.375 0.999986528279954
3.5 0.999990099409335
3.625 0.999986506929715
3.75 0.999986898193326
3.875 0.999987299696382
4 0.999988033063234


-2   -0.995322265
-1   -0.842700793
-0.5	-0.520499878
-0.2	-0.222702589
 0.2	 0.222702589
 0.5	 0.520499878
 1    0.842700793
 2    0.995322265
