
     0.242      0.647      0.795      0.301      0.223 
     0.647      0.193      0.194      0.572      0.497 
     0.795      0.194     0.0845       0.12     0.0927 
     0.301      0.572       0.12      0.345      0.741 
     0.223      0.497     0.0927      0.741      0.862 

    -0.758   -3.7e-10   1.02e-13   1.03e-17  -1.32e-23 
  -3.7e-10     -0.323   1.37e-15    8.1e-23  -8.73e-10 
  1.01e-13   1.39e-15    -0.0775   6.62e-24  -2.08e-11 
 -2.37e-17   3.37e-17  -6.62e-18      0.786   2.07e-13 
 -8.86e-18  -8.73e-10  -2.08e-11   2.07e-13        2.1 
