Solution
1E-05 9.9999E-06 0.99998
0.01001 0.00990980139998488 0.980030497585915
0.0230368392304865 0.0225093420720328 0.954552143958549
0.0380675712155438 0.0366387524250032 0.925791925787469
0.0540732934074909 0.0512148461888569 0.895890926933309
0.0705742298940915 0.0657469702773854 0.865824541357343
0.0873550118366923 0.0800231062767078 0.836018308422008
0.104327553032177 0.0939600982168495 0.806641496551175
0.12146403068928 0.107532411242362 0.777747401124657
0.138764236793326 0.120738724822619 0.749339656377526
0.156239828340232 0.133586589556389 0.721403028121395
0.173906884189012 0.146085634743234 0.693917257897457
0.191782533954756 0.158244776442083 0.666862894178715
0.20988356450202 0.170071255425047 0.640223406687866
0.228225965898634 0.181570474761335 0.613985643209044
0.24682490382122 0.192746154371187 0.588139605984526
0.265694868046989 0.203600582854161 0.562678000191931
0.284849878265764 0.214134872344772 0.537595753800767
0.304303694039422 0.224349180912358 0.512889587678586
0.324070007911796 0.234242893510084 0.488557659343971
0.344162615943296 0.243814763516337 0.464599279811289
0.364595566742943 0.253063020740823 0.441014694001894
0.385383292713188 0.261985452399207 0.417804913056128
0.406540727911752 0.270579462913992 0.394971587605027
0.428083416778568 0.278842117363273 0.372516912774737
0.45002761751948 0.286770172356852 0.35044355755966
0.472390403437173 0.29436009721491 0.328754612874234
0.495189765064249 0.301608087592563 0.307453553975491
0.518444715623009 0.308510073122945 0.286544214039454
0.542175402118981 0.315061720215513 0.266030766513776
0.566403224265419 0.32125843081592 0.245917714505682
0.591150963425725 0.327095337683476 0.226209885944488
0.616442923843239 0.332567296550592 0.206912433620656
0.642305088599957 0.337668875379126 0.188030839479448
0.668765293008472 0.342394340808295 0.169570922760758
0.69585341850095 0.346737641787987 0.151538851746029
0.723601610546763 0.350692390302146 0.133941159012096
0.752044524724125 0.354251839003276 0.116784760211121
0.781219605815872 0.357408855495772 0.100076976504035
0.811167405729328 0.360155892917986 0.083825560878931
0.841931947200791 0.362484956375999 0.0680387286919354
0.873561141696945 0.364387564670915 0.0527251928820859
0.906107271749297 0.365854706630444 0.0378942044396542
0.939627550260902 0.366876791197445 0.0235555988561273
0.974184772251795 0.367443590234166 0.00971984946175415
1.00984807825611 0.36754417275955 -0.00360187122659255
1.04669385341675 0.36716682903284 -0.0163976207552814
1.08480679261111 0.366298982509031 -0.0286546048504672
1.12428117019683 0.364927087192049 -0.0403590822375048
1.16522236391468 0.363036507260166 -0.0514962534402415
1.20774869716184 0.360611374979173 -0.0620501301057216
1.25199368375326 0.357634421771801 -0.0720033804308309
1.29810878663057 0.354086775759945 -0.0813371449665535
1.34626684005786 0.349947716965948 -0.0900308153041403
1.39666633869286 0.345194378388818 -0.098061765697837
1.44953687435037 0.339801376957336 -0.105405024233333
1.50514611468265 0.333740352268643 -0.112032865213405
1.56380888755288 0.326979382020398 -0.117914297207123
1.62589919425628 0.319482229428652 -0.123014410386728
1.6918663819524 0.31120735676269 -0.127293530131982
1.76225736406651 0.302106605215605 -0.13070609749992
1.83774787854289 0.292123385027309 -0.133199153865105
1.91918768912028 0.281190122385519 -0.134710233062014
2.00766812378077 0.269224532814584 -0.135164331792065
2.10462706156174 0.256123950620866 -0.134469377505861
2.21202031433386 0.241756241731745 -0.132509101104885
2.33261936676059 0.225944243413535 -0.12913108488601
2.47057305878402 0.208436668418105 -0.124124927047364
2.63259653125177 0.188846571289506 -0.117177246612795
2.83047192852183 0.166548395411317 -0.107784742927289
3.04731025241613 0.144325264333273 -0.0970575418892115
3.27270085226439 0.123709251620052 -0.0860218726368303
3.50274486304308 0.105193326768034 -0.0752972197052884
3.73753338105167 0.088758254582218 -0.065173190117938
3.97916671448162 0.0742147804912117 -0.0557601818476881
4.23075097700784 0.061354549793151 -0.047091077945403
4.49604737175856 0.0499998606429245 -0.0391725960084577
4.77948733505615 0.0400117614689388 -0.0320073926550693
5.08641735940525 0.0312837168728791 -0.0256022816819221
5.42355368320595 0.0237310246654216 -0.0199708680260663
5.79972593767354 0.0172783757361785 -0.0151350518509796
6.22712907637299 0.0118435098882272 -0.0111290749935201
6.72361840185506 0.0073089090192511 -0.00801316681572837
7.3175444062021 0.00345530186022907 -0.00591960499812436
8 1.41537821101399E-07 -0.0051958545461276
Found energy -0.499989881202473
