Wavefunction
1E-05,9.9999E-06,0.99998
0.01001,0.00990980139998488,0.980030497586166
0.0230368392304866,0.0225093420720403,0.954552143959861
0.038067571207149,0.0366387524172735,0.925791925806933
0.0540732933854019,0.0512148461691949,0.895890926981209
0.0705742298554107,0.0657469702441798,0.865824541438891
0.0873550117799504,0.0800231062298082,0.836018308539497
0.104327552956679,0.0939600981568562,0.806641496705374
0.12146403059473,0.107532411170238,0.777747401315592
0.138764236679617,0.12073872473949,0.749339656604886
0.15623982820734,0.133586589463446,0.721403028384747
0.17390688403694,0.14608563464169,0.693917258196339
0.191782533783509,0.158244776333154,0.666862894512685
0.209883564311591,0.170071255309946,0.640223407056519
0.228225965689,0.181570474641273,0.613985643612018
0.246824903592343,0.192746154247376,0.588139606421496
0.265694867798816,0.203600582727815,0.562678000662611
0.284849877998227,0.214134872217116,0.537595754304902
0.304303693752442,0.224349180784626,0.512889588215949
0.324070007605283,0.234242893383526,0.488557659914361
0.344162615617153,0.243814763392219,0.464599280414528
0.364595566397062,0.253063020620434,0.441014694637824
0.385383292347456,0.261985452283857,0.417804913724611
0.406540727526048,0.270579462805018,0.394971588305942
0.428083416372765,0.278842117262041,0.372516913507985
0.450027617093445,0.286770172264756,0.350443558325154
0.472390402990767,0.294360097133381,0.328754613671911
0.495189764597327,0.301608087523067,0.307453554805301
0.51844471513542,0.308510073066988,0.286544214901369
0.542175401610565,0.315061720174643,0.266030767407788
0.566403223736013,0.321258430791733,0.245917715431803
0.591150962875155,0.327095337677617,0.226209886902751
0.616442923271323,0.332567296564761,0.206912434611122
0.642305088006504,0.337668875415082,0.188030840502199
0.668765292393278,0.342394340867861,0.169570923815905
0.695853417863801,0.346737641873058,0.151538852833715
0.723601609887426,0.350692390414693,0.133941160132494
0.752044524042353,0.354251839145354,0.116784761364441
0.781219605111395,0.357408855669527,0.100076977690526
0.811167405001853,0.360155893125669,0.083825562098884
0.841931946449993,0.362484956619971,0.06803872994569
0.873561140922466,0.364387564953661,0.0527251941700338
0.906107270950734,0.365854706954589,0.0378942057622453
0.939627549437798,0.366876791565768,0.0235556002138767
0.974184771403632,0.367443590649618,0.00971985085524928
1.00984807738228,0.367544173225279,-0.00360186979668259
1.04669385251656,0.367166829552213,-0.0163976192881959
1.08480679168375,0.366298983085667,-0.0286546033453417
1.12428116924131,0.36492708782985,-0.0403590806933576
1.16522236292984,0.363036507963365,-0.0514962518559568
1.20774869614626,0.360611375752383,-0.0620501284800307
1.2519936827052,0.357634422620076,-0.0720033787622889
1.2981087855479,0.354086776688857,-0.0813371432535119
1.3462668389379,0.349947717981682,-0.0900308135447142
1.39666633753224,0.345194379498289,-0.0980617638898649
1.44953687314477,0.339801378168334,-0.105405022374328
1.50514611342653,0.333740353590027,-0.112032863300494
1.56380888623895,0.326979383462341,-0.117914295236973
1.62589919287491,0.319482231002963,-0.123014408355448
1.69186638049059,0.311207358483254,-0.127293528035009
1.76225736250648,0.302106607098974,-0.130706095331858
1.83774787685974,0.292123387093543,-0.133199151619528
1.91918768727841,0.281190124659394,-0.134710230731199
2.00766812172778,0.269224535327392,-0.135164329366638
2.10462705921793,0.25612395341322,-0.134469374974322
2.21202031157279,0.241756244858149,-0.132509098452974
2.33261936337052,0.225944246950356,-0.129131082095887
2.47057305438361,0.208436672478706,-0.12412492409673
2.63259652507823,0.188846576056786,-0.117177243474833
2.83047191910357,0.166548401184968,-0.107784739561674
3.04731023867805,0.144325271306804,-0.0970575382176586
3.27270083325534,0.123709259942183,-0.0860218685388966
3.50274483754908,0.105193336609371,-0.0752972150250762
3.73753334725144,0.0887582661786958,-0.0651731846602071
3.97916666956647,0.0742147941778647,-0.055760175359872
4.23075091661876,0.0613545660450478,-0.04709107008513
4.49604728902777,0.0499998801382795,-0.0391725862909982
4.77948721887023,0.0400117851942947,-0.0320073803663516
5.08641719109686,0.0312837463062283,-0.025602265727021
5.42355342988578,0.0237310621109414,-0.0199708466493275
5.79972553782805,0.0172784249754494,-0.0151350220830444
6.22712840594299,0.0118435775533692,-0.0111290314653992
6.72361718480973,0.00730900781504417,-0.00801309892893281
7.3175419386321,0.00345545936116318,-0.00591948907306041
8,3.94356413121154E-07,-0.00519564036096046
# Found energy -0.499989883708943


Exact
0.1,0.090483741803596
0.2975,0.220945093508183
0.495,0.301737599111673
0.6925,0.346474158796665
0.89,0.365483619949588
1.0875,0.366550669061849
1.285,0.355495999967086
1.4825,0.336630244570871
1.68,0.313108279746209
1.8775,0.287205039388736
2.075,0.260529587048384
2.2725,0.234190719982636
2.47,0.208924601733865
2.6675,0.185192714553803
2.865,0.163256670693278
3.0625,0.143235031050874
3.26,0.12514617753722
3.4575,0.108940413055877
3.655,0.0945237733009704
3.8525,0.0817754901419962
4.05,0.0705606172899487
4.2475,0.060738991355591
4.445,0.0521714363075392
4.6425,0.0447239115781337
4.84,0.0382701416097123
5.0375,0.0326931379172051
5.235,0.0278859261727997
5.4325,0.0237517143760584
5.63,0.0202036790928789
5.8275,0.0171645012610101
6.025,0.0145657481933711
6.2225,0.0123471718178018
6.42,0.0104559730273408
6.6175,0.00884606682873164
6.815,0.00747737163193319
7.0125,0.00631513763078972
7.21,0.00532932309088693
7.4075,0.00449402294500509
7.605,0.0037869509805324
7.8025,0.00318897476272702
