-6 0.027027027027027
-4.5 0.0470588235294118
-3 0.1
-1.5 0.307692307692308
0 1
1.5 0.307692307692308
3 0.1
4.5 0.0470588235294118
6 0.027027027027027


-6 0.027027027027027 0.027027027027027
-5.93969849246231 -0.329901016047472 0.0223280852888288
-5.87939698492462 -0.616505679009087 0.017842973210153
-5.81909547738693 -0.840779786500888 0.0136016140986632
-5.75879396984925 -1.01010029059956 0.00963594806124372
-5.69849246231156 -1.13126123771924 0.0059798608645309
-5.63819095477387 -1.21050554376897 0.00266905386089943
-5.57788944723618 -1.25355560404699 -0.000259157668894283
-5.51758793969849 -1.2656427640796 -0.00276613152339593
-5.4572864321608 -1.25153567733592 -0.00481228546476812
-5.39698492462312 -1.21556757547464 -0.00635759869719784
-5.33668341708543 -1.1616624765023 -0.00736224202317299
-5.27638190954774 -1.0933603559474 -0.00778734900326254
-5.21608040201005 -1.01384130587833 -0.0075959372328842
-5.15577889447236 -0.925948706317447 -0.00675398384872039
-5.09547738693467 -0.832211433327772 -0.00523165228782383
-5.03517587939699 -0.734865127772703 -0.00300465793500478
-4.9748743718593 -0.635872548473604 -5.57485640543337E-05
-4.91457286432161 -0.536943033213929 0.00362373838891604
-4.85427135678392 -0.439551090762928 0.00803229514181725
-4.79396984924623 -0.344954146815921 0.0131567089876707
-4.73366834170854 -0.254209466472412 0.0189706586466882
-4.67336683417085 -0.168190275597341 0.0254335390562139
-4.61306532663317 -0.087601103134952 0.0324896199860946
-4.55276381909548 -0.0129923661688784 0.0400676446784818
-4.49246231155779 0.0552257807538363 0.0480809664137544
-4.4321608040201 0.1167703107929 0.0564283020992755
-4.37185929648241 0.17147288351314 0.0649951523369003
-4.31155778894472 0.219268076420941 0.0736558980484428
-4.25125628140704 0.260182268924505 0.082276537331212
-4.19095477386935 0.294323158579533 0.090717976992033
-4.13065326633166 0.321869889757821 0.0988397464681996
-4.07035175879397 0.343063775152106 0.106503963253513
-4.01005025125628 0.358199590806386 0.113579353629156
-3.94974874371859 0.367617425636795 0.119945124115158
-3.8894472361809 0.371695066683995 0.125494489098458
-3.82914572864322 0.370840901613882 0.130137687543432
-3.76884422110553 0.365487320259329 0.133804363172471
-3.70854271356784 0.356084597271498 0.136445232864555
-3.64824120603015 0.343095238225159 0.138033021226799
-3.58793969849246 0.326988771798304 0.138562689433615
-3.52763819095477 0.308236970922227 0.138051028585641
-3.46733668341709 0.2873094860741 0.136535718699063
-3.4070351758794 0.264669874159929 0.134073972515612
-3.34673366834171 0.240772006711687 0.130740888874408
-3.28643216080402 0.216056841398231 0.126627635025065
-3.22613065326633 0.190949541125526 0.121839563469183
-3.16582914572864 0.165856925277546 0.116494349529494
-3.10552763819095 0.141165237925081 0.110720213615673
-3.04522613065327 0.117238218105586 0.104654269448903
-2.98492462311558 0.0944154575530142 0.0984410181399355
-2.92462311557789 0.073011031532515 0.0922309892147965
-2.8643216080402 0.0533123887106897 0.0861795141399311
-2.80402010050251 0.0355794862679953 0.0804456058759559
-2.74371859296482 0.0200441567357489 0.0751909094441785
-2.68341708542714 0.00690969331604885 0.0705786831988878
-2.62311557788945 -0.00364935928119655 0.0667727681571465
-2.56281407035176 -0.0114872211740772 0.0639365030366381
-2.50251256281407 -0.0164867132314027 0.0622315453206834
-2.44221105527638 -0.0185589247205413 0.0618165634956491
-2.38190954773869 -0.0176427245427196 0.0628457724318055
-2.32160804020101 -0.0137041276422471 0.0654672925794747
-2.26130653266332 -0.00673552790027351 0.0698213241024082
-2.20100502512563 0.00324519145219247 0.0760381391019783
-2.14070351758794 0.0161956591431332 0.0842359084455503
-2.08040201005025 0.0320501184072486 0.094518394021326
-2.02010050251256 0.0507206205654261 0.106972551964923
-1.95979899497487 0.0720982997046984 0.121666106834442
-1.89949748743719 0.0960547188032913 0.138645169982124
-1.8391959798995 0.122443277921247 0.157931986484875
-1.77889447236181 0.151100675352954 0.179522902890883
-1.71859296482412 0.181848412913815 0.203386651680906
-1.65829145728643 0.214494336809114 0.229463046837096
-1.59798994974874 0.248834205809049 0.257662177633017
-1.53768844221106 0.28465327872974 0.287864174465602
-1.47738693467337 0.321727913495905 0.319919601485664
-1.41708542713568 0.359827170336742 0.353650506725686
-1.35678391959799 0.398714411942469 0.388852132677765
-1.2964824120603 0.438148893684787 0.425295260600072
-1.23618090452261 0.477887337280439 0.462729132298965
-1.17587939698493 0.51768548155289 0.500884865935786
-1.11557788944724 0.557299604223023 0.539479259625919
-1.05527638190955 0.596488008935626 0.578218859986163
-0.994974874371859 0.635012472004281 0.61680416357725
-0.934673366834171 0.672639643633182 0.654933817962874
-0.874371859296483 0.709142398650237 0.692308695745411
-0.814070351758795 0.744301132061693 0.728635728655976
-0.753768844221105 0.777904995014396 0.763631408231979
-0.693467336683417 0.809753067027659 0.797024883081888
-0.633165829145729 0.839655460632574 0.828560608298438
-0.572864321608041 0.867434354832494 0.858000528330896
-0.512562814070352 0.892924954074254 0.885125798838959
-0.452261306532663 0.915976369695578 0.909738074310185
-0.391959798994975 0.936452421089996 0.931660405500487
-0.331658291457287 0.954232354106456 0.950737803432659
-0.271356783919598 0.969211474476673 0.966837534525736
-0.211055276381909 0.981301694339154 0.979849214522884
-0.150753768844221 0.990431990204668 0.989684767585947
-0.0904522613065328 0.996548770983843 0.996278311755001
-0.0301507537688446 0.999616154973394 0.999586023556876
0.0301507537688437 0.999616154973394 0.999586023556876
0.0904522613065328 0.996548770983843 0.996278311755001
0.150753768844221 0.990431990204668 0.989684767585947
0.211055276381909 0.981301694339154 0.979849214522884
0.271356783919598 0.969211474476673 0.966837534525737
0.331658291457286 0.954232354106456 0.95073780343266
0.391959798994975 0.936452421089996 0.931660405500488
0.452261306532663 0.915976369695578 0.909738074310184
0.512562814070352 0.892924954074255 0.88512579883896
0.57286432160804 0.867434354832494 0.858000528330896
0.633165829145728 0.839655460632574 0.828560608298439
0.693467336683417 0.809753067027659 0.797024883081889
0.753768844221105 0.777904995014396 0.763631408231979
0.814070351758794 0.744301132061693 0.728635728655977
0.874371859296482 0.709142398650238 0.692308695745411
0.93467336683417 0.672639643633183 0.654933817962875
0.994974874371859 0.635012472004281 0.61680416357725
1.05527638190955 0.596488008935626 0.578218859986163
1.11557788944724 0.557299604223024 0.53947925962592
1.17587939698492 0.51768548155289 0.500884865935787
1.23618090452261 0.47788733728044 0.462729132298966
1.2964824120603 0.438148893684787 0.425295260600072
1.35678391959799 0.398714411942469 0.388852132677766
1.41708542713568 0.359827170336742 0.353650506725686
1.47738693467337 0.321727913495905 0.319919601485664
1.53768844221105 0.284653278729741 0.287864174465602
1.59798994974874 0.248834205809049 0.257662177633017
1.65829145728643 0.214494336809114 0.229463046837096
1.71859296482412 0.181848412913815 0.203386651680906
1.77889447236181 0.151100675352955 0.179522902890883
1.8391959798995 0.122443277921247 0.157931986484875
1.89949748743719 0.0960547188032916 0.138645169982124
1.95979899497487 0.0720982997046984 0.121666106834441
2.02010050251256 0.0507206205654262 0.106972551964924
2.08040201005025 0.0320501184072486 0.0945183940213261
2.14070351758794 0.0161956591431333 0.0842359084455505
2.20100502512563 0.00324519145219256 0.0760381391019782
2.26130653266332 -0.00673552790027345 0.0698213241024083
2.321608040201 -0.0137041276422471 0.0654672925794747
2.38190954773869 -0.0176427245427197 0.0628457724318055
2.44221105527638 -0.0185589247205414 0.0618165634956491
2.50251256281407 -0.0164867132314028 0.0622315453206834
2.56281407035176 -0.0114872211740775 0.063936503036638
2.62311557788945 -0.00364935928119665 0.0667727681571465
2.68341708542714 0.00690969331604878 0.0705786831988878
2.74371859296482 0.0200441567357487 0.0751909094441784
2.80402010050251 0.0355794862679953 0.080445605875956
2.8643216080402 0.0533123887106892 0.086179514139931
2.92462311557789 0.0730110315325148 0.0922309892147964
2.98492462311558 0.0944154575530142 0.0984410181399356
3.04522613065327 0.117238218105586 0.104654269448903
3.10552763819095 0.141165237925081 0.110720213615673
3.16582914572864 0.165856925277545 0.116494349529494
3.22613065326633 0.190949541125526 0.121839563469183
3.28643216080402 0.216056841398231 0.126627635025065
3.34673366834171 0.240772006711687 0.130740888874408
3.4070351758794 0.264669874159929 0.134073972515612
3.46733668341708 0.287309486074099 0.136535718699063
3.52763819095477 0.308236970922227 0.138051028585641
3.58793969849246 0.326988771798304 0.138562689433615
3.64824120603015 0.343095238225159 0.138033021226799
3.70854271356784 0.356084597271498 0.136445232864555
3.76884422110553 0.365487320259329 0.133804363172471
3.82914572864322 0.370840901613882 0.130137687543432
3.8894472361809 0.371695066683995 0.125494489098458
3.94974874371859 0.367617425636796 0.119945124115158
4.01005025125628 0.358199590806386 0.113579353629156
4.07035175879397 0.343063775152107 0.106503963253513
4.13065326633166 0.321869889757822 0.0988397464681997
4.19095477386935 0.294323158579533 0.090717976992033
4.25125628140703 0.260182268924506 0.0822765373312121
4.31155778894472 0.219268076420941 0.0736558980484428
4.37185929648241 0.171472883513141 0.0649951523369006
4.4321608040201 0.116770310792901 0.0564283020992756
4.49246231155779 0.0552257807538363 0.0480809664137544
4.55276381909548 -0.0129923661688774 0.0400676446784819
4.61306532663317 -0.0876011031349521 0.0324896199860946
4.67336683417085 -0.168190275597339 0.0254335390562141
4.73366834170854 -0.254209466472411 0.0189706586466882
4.79396984924623 -0.344954146815921 0.0131567089876707
4.85427135678392 -0.439551090762927 0.00803229514181732
4.91457286432161 -0.536943033213929 0.00362373838891605
4.9748743718593 -0.635872548473601 -5.57485640542312E-05
5.03517587939698 -0.734865127772702 -0.00300465793500475
5.09547738693467 -0.832211433327772 -0.00523165228782385
5.15577889447236 -0.925948706317446 -0.00675398384872037
5.21608040201005 -1.01384130587832 -0.00759593723288419
5.27638190954774 -1.0933603559474 -0.00778734900326254
5.33668341708543 -1.1616624765023 -0.007362242023173
5.39698492462312 -1.21556757547464 -0.00635759869719783
5.4572864321608 -1.25153567733592 -0.00481228546476814
5.51758793969849 -1.2656427640796 -0.00276613152339592
5.57788944723618 -1.25355560404699 -0.000259157668894279
5.63819095477387 -1.21050554376897 0.00266905386089939
5.69849246231156 -1.13126123771924 0.0059798608645309
5.75879396984925 -1.01010029059956 0.00963594806124367
5.81909547738693 -0.840779786500887 0.0136016140986632
5.87939698492462 -0.616505679009087 0.017842973210153
5.93969849246231 -0.329901016047477 0.0223280852888287
6 0.027027027027027 0.027027027027027
