-0.75 1.36053215324554 0.745693499918884
-0.583333333333333 0.733791792165934 0.495962197774072
-0.416666666666667 0.495123774887819 0.70259516078634
-0.25 0.907034457996271 0.294765524121358
-0.0833333333333334 1.21767486408206 0.418361590787937
0.0833333333333334 1.39623169773665 0.671351463264484
0.25 2.1328699579208 0.350609407108561
0.416666666666667 2.19896049084055 0.61400425148383
0.583333333333333 2.71771920008129 0.66560720997658
0.75 3.83335082984802 0.494600487521198


-0.75 0.939304080613744
-0.625 0.854446809118904
-0.5 0.828117428840946
-0.375 0.860315939779871
-0.25 0.951042341935677
-0.125 1.10029663530837
0 1.30807881989794
0.125 1.57438889570439
0.25 1.89922686272773
0.375 2.28259272096795
0.5 2.72448647042505
0.625 3.22490811109904
0.75 3.7838576429899


-0.75 1.33011512436188
-0.625 1.15002165971324
-0.5 1.05418704155662
-0.375 1.04261126989203
-0.25 1.11529434471947
-0.125 1.27223626603893
0 1.51343703385043
0.125 1.83889664815395
0.25 2.2486151089495
0.375 2.74259241623708
0.5 3.32082857001669
0.625 3.98332357028833
0.75 4.73007741705199


-0.75 0.548493036865607
-0.625 0.558871958524572
-0.5 0.602047816125273
-0.375 0.678020609667712
-0.25 0.786790339151887
-0.125 0.9283570045778
0 1.10272060594545
0.125 1.30988114325483
0.25 1.54983861650596
0.375 1.82259302569882
0.5 2.12814437083341
0.625 2.46649265190975
0.75 2.83763786892781
