0.225217220943988 0.636579599993573
0.60641364921183 0.998248099348623
0.044571205528719 0.769847261612232
0.990531026381315 0.074460290407045
0.663890595857003 0.791241044547055
0.168313498221484 0.777334870201226
0.187362842349039 0.937136113614373
0.647401648409386 0.22440887066741
0.817308057480169 0.713554432947912
0.544641599778385 0.576885651134367
0.129632582482711 0.0173049937082943
0.63531958853608 0.926072797237929
0.503181383713699 0.652554513259118
0.535405045624545 0.977633687657134
0.963460803014906 0.322841808350217
0.723153530956783 0.52546070494012
0.882536026128817 0.69277250473051
0.0320820687488104 0.619184389533095
0.0283110882287431 0.405227036869725
0.782390100314464 0.345755377479715
0.793964925126156 0.64844975650704
0.764741314931187 0.908083230679893
0.111393441497997 0.1130121406694
0.779673085911047 0.509665002818063
0.300952684274387 0.801161514968221
0.832132153134855 0.430328720915284
0.735643760178072 0.117316922693195
0.920170383956363 0.207912227235694
0.00126001145749353 0.680340851973901
0.495066715634925 0.392016692269601
0.234442215987687 0.0128973387241817
0.110999487392138 0.341048787506786
0.0680875135902723 0.642852793281364
0.894798844072408 0.494590337618529
0.905054044865563 0.0282172588762908
0.196097782438666 0.412081020610445
0.931164332633449 0.19888622229867
0.782920726008211 0.481182825975671
0.252563678777108 0.727236357856186
0.814679355739932 0.390169243044299
0.872881427348071 0.025740042806482
0.676681003382747 0.162299288046686
0.490709655215363 0.292824810041499
0.789816944762048 0.765219103435622
0.772602120774147 0.824169841513117
0.617924378075602 0.347970236254842
0.9101603212348 0.390373408044862
0.111313161492028 0.781067586401975
0.537450269114901 0.423692527424401
0.839995717089621 0.468540648216633
0.218213296596992 0.285082748292518
0.604610957952501 0.272735425398096
0.605063732529554 0.42005113252441
0.499164388281835 0.536757537879403
0.334396196684985 0.438987557980692
0.955348548458586 0.274023653601307
0.865661496233969 0.104897472590626
0.519135264921531 0.208702173181205
0.336216335341435 0.948700199345453
0.850339132291423 0.775262703548773
0.853035848519316 0.129579740636786
0.721988216844382 0.0808842033524458
0.410292880800689 0.848127546183824
0.501920699375645 0.540790924588587
0.0875730608066418 0.00185313960623608
0.943732556860769 0.828871151352707
0.887240640766565 0.346138707523299
0.171955946447307 0.587798679055552
0.421129084853981 0.40394557798465
0.557235555517131 0.070658522690953
0.793660421759663 0.253059406882645
0.430822906750638 0.333614562793455
0.868821293054531 0.343900724474294
0.482308740020873 0.805262848644174
0.871238143123332 0.902610988310823
0.44485125106054 0.588750069769449
0.573353395132978 0.0647330135408477
0.615504799697318 0.0886335559602052
0.563094531448136 0.523726754600055
0.862442544597407 0.75693618634573
0.918130433148765 0.958373463693249
0.449184477072761 0.332543057078748
0.495255001119922 0.126477397105879
0.386783012834742 0.51952278871067
0.932941526143319 0.931336585865978
0.787573088327224 0.932270757356785
0.391464643828322 0.77968060960047
0.98160228178911 0.599976441636671
0.698756833886149 0.388373654050926
0.212062910297915 0.0663921563263946
0.365818806162951 0.696657850731471
0.669552781465255 0.184962072495819
0.557001888545697 0.354982487091321
0.255517756219729 0.822507627225717
0.730633907825981 0.083322390487102
0.024704147607416 0.897402330253926
0.541503033387243 0.800299369171401
0.152528089542188 0.835286958066415
0.803874929809885 0.098279849671889
0.838359561673533 0.742343895948652
0.957117711639552 0.962785951310203
0.872321322500855 0.939901557257353
0.115037899983599 0.512580493703755
0.197285425941127 0.793672785532508
0.0831307317517375 0.015528358060647
0.389876722074056 0.17472087739721
0.31166384430214 0.796050388271012
0.391117380182779 0.221472582417295
0.288820682227994 0.264222404576942
0.775541168533052 0.140272514028602
0.87095964088615 0.564275385609025
0.788888880884689 0.849619135656217
0.906632438258562 0.890170758073298
0.390767723969541 0.59116527465692
0.627152520058282 0.146315323722696
0.796101511826786 0.60047698421426
0.550014092377394 0.469719014349263
0.109274444686842 0.403032854852748
0.824336528230615 0.729651224207902
0.0699241725122203 0.0444213948419417
0.157697061150194 0.46184497068722
0.73937689547398 0.715105549765334
0.693445668413046 0.849983270210206
0.585738485951786 0.745452645116231
0.409181988988622 0.931055507124893
0.546466275838421 0.539652525232943
0.322738681138837 0.698087047644931
0.871384255062502 0.392842326030527
0.173897070425515 0.0227021868446386
0.0332691189987907 0.224867141910301
0.121812769734213 0.606120151284207
0.166520265474226 0.936815408029042
0.219426846233861 0.789399737859797
0.624706785019816 0.841944829952877
0.68677594358417 0.988084525330032
0.397136054186679 0.559169458020092
0.194298232064721 0.73111977369111
0.982575452878408 0.40911467019893
0.824898490135045 0.0737833311193545
0.156173467243171 0.0566491680483563
0.304432272121512 0.645315078853311
0.181983285668298 0.696097012933389
0.599849047884275 0.256448986593843
0.277738303075423 0.851927044732462
0.598334759286761 0.716432118656315
0.229135784427233 0.801634341385977
0.696382105209111 0.845057030601919
0.922608625107728 0.551576909865987
0.295324705212994 0.802561487444938
0.495678703531473 0.904045930553249
0.22527648519039 0.743793655998909
0.0586767015320606 0.421097463658591
0.533919452938214 0.987296817818329
0.345354293168222 0.591618907447727
0.715511594766523 0.462269584863572
0.567943835895482 0.10011373930616
0.866528719601468 0.976619950950434
0.92043486978879 0.476497690880903
0.424136865615908 0.470423252540838
0.336966360144767 0.962977859640018
0.511661434784374 0.772779740287354
0.243610070666117 0.970343824927855
0.758948740902799 0.595501712800703
0.86278735281098 0.349241201462802
0.808511148583382 0.430998543012421
0.113789964985936 0.0223370026901071
0.578104627587881 0.252127536689922
0.831372682857966 0.560638616122603
0.58663837732125 0.760885822009708
0.162177559995175 0.612552230065946
0.911094693425621 0.686119395627696
0.136415449965939 0.136065174423189
0.148488282760833 0.129022045121073
0.935105621784509 0.719762154258677
0.92462216081313 0.446110934226825
0.127440044250079 0.824901452672156
0.465595127300171 0.532700843891455
0.392384495768875 0.452496744903036
0.500183585332792 0.0883328766042054
0.662148722755792 0.938417740137511
0.124509465007349 0.99611309170542
0.783107758864345 0.284513051754103
0.348479619877636 0.545606833205375
0.522009111718279 0.614401182911546
0.145247268092468 0.359796253666187
0.889859313559653 0.663251043606201
0.308245692545662 0.724414130078821
0.0518831662143968 0.825542039156678
0.636364290321415 0.107544896242928
0.821855542167023 0.629926695781726
0.660396091016194 0.143025198552304
0.424619040649673 0.362400214356557
0.303558498762342 0.28888851231378
0.556741875389936 0.045403783696426
0.859743040921047 0.378875937954931
0.0604550307898107 0.498305500717045
0.0987370992539158 0.223759819857664
0.488042765058597 0.914981601720202
0.903011636763351 0.851902398211836
0.787585554545552 0.602881449555457
0.607012933402794 0.320704438872963
0.574514886166209 0.564825907146943
0.556251620667172 0.464189000643878
0.516655760126494 0.741180997221349
0.480817677677058 0.566842456612197
0.81613245458162 0.392638689089864
0.266477334437183 0.0322220269740662
0.278021649121317 0.981484266455045
0.571494051055747 0.420707544507788
0.98095455299176 0.0595911075638566
0.988864957815439 0.476605328021853
0.754658141990499 0.766371330137537
0.299341222876376 0.391553812842608
0.564513944352285 0.0844858726879982
0.236371365020225 0.136901564494195
0.922530402393327 0.784461892109579
0.319959341697376 0.218974092611565
0.0229137623789319 0.33969165214323
0.568510312386095 0.85979313350273
0.806148593689384 0.839369498118465
0.772232752187286 0.815560878168587
0.564586106019368 0.29290058430885
0.56274348337331 0.667816341699947
0.231828166279862 0.0665150722798496
0.945738170736347 0.506558498603552
0.343487550664454 0.482304092255563
0.870947845220076 0.727994446981696
0.614016491740018 0.130407605380941
0.566046296882465 0.808143556028671
0.265484684270567 0.164697807824564
0.899675056291593 0.432169887438496
0.504809632201125 0.343916113182863
0.64431205421887 0.031670562472041
0.072679347392488 0.0475032418256175
0.00930826459513431 0.938329996978086
0.41297395406895 0.711700917553017
0.614558950818404 0.141585054873296
0.287358355376571 0.173304079646852
0.912019222002485 0.461757557681649
0.203627846764227 0.631524881176429
0.159725646562747 0.497998872072435
0.138747701951651 0.729812866416673
0.793414013829741 0.440226310137765
0.913514046889504 0.59196489471568
0.604957600871547 0.892506156997991
0.773645355260766 0.760366756357423
0.594308449232163 0.64145078586482
0.939694441826872 0.34006286474879
0.310751245967462 0.220669992836504
0.64858853008998 0.531072920901269
0.595136994307459 0.184324924454244
0.0572068076847153 0.00740817375826099
0.0935845445346015 0.631786633111437
0.867745141437159 0.72936279034678
0.440636091605125 0.440712412093166
0.218388383378456 0.104288739200816
0.604515709264444 0.633959803094137
0.00497216126181752 0.401676184219157
0.293422185486845 0.774996765784452
0.550502099353123 0.204085744081105
0.118156515582538 0.480714452676808
0.442545640954071 0.116802107597143
0.164684641717321 0.652607197711527
0.117392468320854 0.973108164953584
0.201890613046424 0.94729549062778
0.86255283367939 0.691349229165981
0.813169027591669 0.672554925862958
0.0363878868689704 0.975400722108502
0.44079206438772 0.13133952819339
0.636228321882071 0.161627380718304
0.572481168700606 0.184151256542723
0.151328803110555 0.16424518877838
0.674117773619535 0.66935661605995
0.155851047092979 0.960348646138026
0.636478624603003 0.538018257607714
0.0466406792619455 0.53575448018301
0.670167893483382 0.444502786008875
0.412916405318732 0.114422541630651
0.741779283500174 0.940404700087572
0.84272353204094 0.440977346823075
0.514394164790583 0.894636976483575
0.527472177300356 0.493340600977345
0.578159578413777 0.527039154212474
0.291119711609147 0.931960783401486
0.597571916225167 0.0295714391533152
0.960884119831437 0.162082657293455
0.138768443902381 0.388874718634819
0.631604575380499 0.934005259039814
0.329385649566253 0.27830045217569
0.442684333977608 0.495328025657371
0.496756150618548 0.157043822182828
0.336629540350581 0.663872355438709
0.900654811365835 0.326798353496379
0.0211813356825995 0.368666241582793
0.259638520544227 0.921965345238319
0.233621438608329 0.500387364300148
0.288615996152449 0.195250975058997
0.647233215927721 0.677844192217032
0.656679079242367 0.657988202133211
0.586085610364604 0.147078619407061
0.378236904450803 0.223890263691493
0.362776729912859 0.606907185449687
0.577134137776277 0.88455802196849
0.396986036280629 0.281293174848563
0.812898210628376 0.478911146278917
0.785036892064399 0.463478831324484
0.497720366109964 0.34739550638357
0.944221196204527 0.357350342607754
0.558007436132993 0.863599821861647
0.59268578961151 0.251361224917397
0.505857818529875 0.922453470026354
0.672322262857259 0.675606570986848
0.795950000544987 0.460496755531289
0.873466661141006 0.943517468843384
0.741641502707098 0.953760383163467
0.277326179797447 0.671397447433042
0.692214841811086 0.295605714570547
0.117091121206568 0.272865886927054
0.79426709226997 0.729722354900894
0.0867382176624323 0.0160967893973444
0.92981231721575 0.739888160834037
0.555768030954417 0.780727374265309
0.136928453173921 0.770142607283845
0.00266699819018459 0.94122048976888
0.25102977885447 0.289882873319966
0.119836756084038 0.79307925738072
0.0653024125217006 0.334724385447206
0.641220800877186 0.455783434424449
0.551568000834234 0.687170158926011
0.810957184904701 0.116637382244988
0.0110913608274848 0.453468567437245
0.539651672141464 0.859137827464909
0.20158496648147 0.113639444631356
0.771263989513397 0.202114651539416
0.230304385177002 0.671355309277473
0.563083250337785 0.828285081232099
0.776861604199215 0.576589000214166
0.321548907701647 0.765969657695838
0.366685439071937 0.89159488859195
0.538678117812927 0.0258073932611418
0.457829757341104 0.932246171372126
0.692487689988915 0.451758629387132
0.833923627079429 0.484246922416728
0.606095034911342 0.35749045636388
0.654384913693361 0.66130768678212
0.72129788609282 0.107096933343959
0.918765169996193 0.970100835417444
0.00500542856985956 0.476343749778505
0.200236488692573 0.696630203489508
0.579142407783839 0.0232890085425642
0.998878617770448 0.800552346650768
0.710916104591878 0.579674469576997
0.726799622982181 0.291551674851939
0.0162176531815052 0.488713412307535
0.0131754777455588 0.875251143181348
0.0890979953525113 0.659973112242284
0.148492041113084 0.785149791643559
0.658807624903884 0.0788451894553589
0.76098087744833 0.0878930427543321
0.0252142003854803 0.717338044064743
0.507544409720015 0.413773533149517
0.547729737846055 0.568996698394882
0.950057423184653 0.455986316993826
0.909519911235906 0.80676076878177
0.571583571644306 0.845205157923142
0.565733169003266 0.67005523558243
0.312452480808111 0.515389109270363
0.0269287754906941 0.657277410690336
0.221330066780248 0.112813220411918
0.724959006404951 0.54237195222749
0.468029269235222 0.117381622603806
0.344314978618321 0.779133770512014
0.572209691429608 0.0613247738505363
0.958604892230874 0.133615378352634
0.311293210513561 0.926160239114501
0.715362872330175 0.11234344593824
0.671416003104027 0.861804363719097
0.515744598822549 0.585105084620931
0.252822608804713 0.141919406196996
0.629617046392344 0.270813305988355
0.382031763616033 0.209456884399735
0.917129840663229 0.167970319822417
0.309517974178082 0.419042759770082
0.347520631434173 0.633102931842721
0.758221016152865 0.0015302142135474
0.857515122675111 0.648167657036412
0.362934036349381 0.48284224815799
0.24930877482952 0.390162787116208
0.0694585545311955 0.768595967334041
0.996787006965274 0.888732649334116
0.497381424762952 0.775904532883272
0.49546755826821 0.645423332529805
0.129842285592967 0.453389723065025
0.998639232478402 0.450648117089015
0.999644510447813 0.441823690869763
0.404454801885623 0.0794106605832515
0.483196174019573 0.454145700416596
0.160340188611457 0.258572384835487
0.200251781940577 0.176344658795905
0.469615796333931 0.153166931659527
0.713804142416364 0.325501960388153
0.37539436219977 0.309762996300013
0.0686451164393896 0.0671952152937628
0.749409409588859 0.188573754946037
0.612495588889576 0.125581811706341
0.515646530089735 0.484226641470672
0.145132399231723 0.740884397058228
0.773431881225403 0.606127230732761
0.713989326131525 0.271706508133424
0.0381280342294499 0.856128251113057
0.42040352729168 0.896872514345158
0.633458421394908 0.316397325283101
0.597075412327924 0.77810446209186
0.164971483016839 0.908788335932786
0.322502059546533 0.990736389994033
0.189911005175631 0.893113895735291
0.29898017100011 0.843620075305747
0.174928506917753 0.171879464374799
0.400510170683502 0.185704561968196
0.576778216090416 0.062647070299204
0.703980313476166 0.810065477532365
0.838152528199438 0.874062698741473
0.926177160780028 0.920228160414951
0.934278261351529 0.742311776961345
0.680713819191192 0.554212957878696
0.544583058703962 0.928545273807154
0.138216624566455 0.613487545220874
0.732763404367847 0.816931628071206
0.692043538993245 0.0589970369166681
0.712687583972089 0.29054065434753
0.902223732276924 0.840621073656073
0.866071695399504 0.621759198895543
0.93567080653071 0.622532634354445
0.185246470470562 0.301512323925976
0.565955890140476 0.601552416850604
0.205617060049259 0.528284764163329
0.694928292043008 0.975480963930246
0.152147937636891 0.610338049759314
0.0587199861457199 0.759395722653435
0.390220164503073 0.676847251912973
0.843826200740331 0.422659706055494
0.228074516741594 0.768289101667837
0.446153331290071 0.261365731368477
0.754897271168836 0.685492625779236
0.1108566709379 0.357996878846547
0.479835925381554 0.341513133766834
0.473016977996108 0.286237561742886
0.16042333802228 0.863359239820093
0.943993782132861 0.216393329303895
0.938391892210763 0.303644526425584
0.734981689944389 0.632765937425553
0.176355886820869 0.0791614023405879
0.348595897829438 0.0162982945406336
0.233616981764146 0.162735660636209
0.461339607583983 0.122425354608533
0.758211641925486 0.932647816339809
0.668776872413595 0.0358403320591153
0.446714453607199 0.47956402622143
0.61254655691448 0.0977825937316672
0.175605867605473 0.674305075162232
0.867635363185608 0.499753844691326
0.190655652988076 0.207959011293929
0.12171649146905 0.864103926282424
0.055267786167221 0.408690730300122
0.815057625907966 0.288788697816799
0.666344267626453 0.842326656841825
0.821003830442673 0.0865756380774899
0.941865561968584 0.211060263314778
0.246303819234624 0.148913114401006
0.419693203838399 0.429855036749437
0.0277487496043317 0.592161610532627
0.224153018195253 0.988431316329367
0.599785236921061 0.547188109041745
0.672736261353239 0.437176645936992
0.839523108135687 0.68085931180085
0.250812682905613 0.846211188401194
0.040787461698422 0.26408681704853
0.436009163239975 0.235227845253063
0.442110284437477 0.968396875526941
0.957444910871538 0.484491971547013
0.961030508373413 0.824926251464023
0.347678034728243 0.172550909767184
0.456081086982079 0.915884985083661
0.111643985897137 0.582201234336105
0.093974770090531 0.235654190292421
0.233260206986806 0.463633442513474
0.678089389893268 0.745750830856036
0.646556325557901 0.275473752652981
0.275600826496072 0.202224336658709
0.608173774372867 0.574528382427305
0.191367664929185 0.618091140230229
0.569167622164436 0.134198314107116
0.037976014911186 0.820133079225259
0.801539195143403 0.556917013394142
0.650566474837515 0.706637716715521
0.768949978877301 0.277906943707684
0.191468203529468 0.935201232291386
0.468824528376024 0.202822498140308
0.244483575804384 0.0516021084280694
0.532350229347288 0.683900251837401
0.435544123144608 0.0905350270171347
0.343201875846461 0.603868917843266
0.447599104814045 0.787179240392139
0.168121798507926 0.295036630842386
0.61753049149063 0.160535410586994
0.959627018756991 0.239885947778768
0.360223101154074 0.382916528444233
0.293124306617828 0.342939368143184
0.255758629299588 0.213479720621127
0.134574894855998 0.63594800775682
0.114345789940257 0.554726972502995
0.93163475949859 0.38733705337501
0.46670421141512 0.955353263279122
0.272165238984006 0.742888157601882
0.276926302480011 0.443733827417592
0.030990176848597 0.223998718068003
0.669874107311421 0.924273522535466
0.138984259282697 0.10083263791205
0.274889264383767 0.96529870432117
0.686599209293071 0.250796774519047
0.652011280717333 0.506502564301017
0.939386521903512 0.490031064250521
0.74701069795853 0.529064031098533
0.91768384255361 0.808551675085235
0.642076925673558 0.125885160232841
0.94706386884072 0.0310038551832567
0.917027213572072 0.896402221590468
0.569554461897143 0.880817150641613
0.158900267518545 0.955864822471451
0.137164706428146 0.492245841534923
0.515014001408133 0.425233640906044
0.0181103283623747 0.173796664073037
0.129545233738397 0.735628300688988
0.570011840467347 0.435949578618607
0.243932269161536 0.192291668705778
0.0680501037594164 0.290459924978418
0.526880511328057 0.883778120336951
0.983936727039487 0.60784322563924
0.615340450599483 0.441603695248069
0.64032635541648 0.937640180316586
0.037669420725512 0.463613563898771
0.100811231928324 0.151041142247171
0.496669958576872 0.99998632166534
0.306971504495932 0.773471885720953
0.354719060638323 0.258167108641084
0.941932370393506 0.319024441912316
0.828133997893023 0.194353367758148
0.735782773110914 0.226777639811289
0.488392235938642 0.765589857830475
0.360485830512124 0.0113823972695425
0.959052190631187 0.481734263935003
0.5646194059237 0.44978525696778
0.0578350564734242 0.656603943862302
0.5041233438552 0.0332490932351207
0.912465494550981 0.961711236257903
0.265476700042131 0.717296572270476
0.315538467054972 0.19952452611156
0.454576420809411 0.0514004375093619
0.32442240897772 0.867069186115204
0.677126705496165 0.129558912073057
0.428656796193056 0.796539954746393
0.0812305179802843 0.985765160520452
0.250359298312273 0.7490256618471
0.462325927085395 0.332527143569909
0.147995347226036 0.757159087228197
0.119450989700598 0.849750592769007
0.0811178647359451 0.628943958146937
0.9785879896854 0.555935156790509
0.898994157975071 0.651025974960544
0.0932060857737465 0.84006601471457
0.49586297781014 0.273722411260811
0.861006391169972 0.39300782438042
0.992690408598953 0.22463579812303
0.00348597485734428 0.628609471781463
0.739776946948737 0.684382335601553
0.902355230833569 0.621323049823438
0.0884631523343097 0.230926918439067
0.582725601076486 0.162512235884793
0.400503745954718 0.578854245403248
0.199425958655507 0.308809394626324
0.194278016776907 0.171596200285291
0.885253746009084 0.155306407322784
0.842260246557305 0.415726107273123
0.636178707534531 0.686594508908035
0.220936536426161 0.898641264018901
0.152406279534291 0.673396434017176
0.773863100341457 0.837060690781596
0.633695934262916 0.154934384932245
0.935533563576421 0.688222693599864
0.993074751921499 0.0257235001892427
0.745539686989756 0.833716455303932
0.592750196621171 0.463613011624484
0.854803856394628 0.49812793987716
0.761287440434698 0.850190946296878
0.0462183570704508 0.816075753800606
0.155431410835791 0.320139912571823
0.451600016305037 0.784396691147423
0.645787997937663 0.324266777524849
0.388468665251727 0.705699983847188
0.550747577823115 0.57696430132583
0.588457090588499 0.31689146594931
0.407672935355302 0.841135682929836
0.531976056067262 0.228958796816393
0.847459949481981 0.251402461552714
0.597230984176151 0.427791216144241
0.226978672308372 0.712281052354854
0.585779493481749 0.173702458466265
0.563269707636568 0.360561561472975
0.57884600366412 0.4216407343846
0.300502550928156 0.344132306680145
0.654438666838426 0.785987761237653
0.640376151837584 0.404860782625554
0.74320985318311 0.832266366962467
0.221796417712139 0.989466409194035
0.191272692843933 0.309429156738068
0.766465719680519 0.229833579729234
0.137475115776749 0.416110450595669
0.437266409600743 0.428648221040446
0.426043519948629 0.751614513691335
0.931636955557222 0.625845059578235
0.650667990395179 0.509884978881984
0.252959962120727 0.61842714092621
0.589097081492234 0.443150358480937
0.734360419090074 0.277897557838772
0.221126983510855 0.285226436464687
0.745420773860729 0.966827930867126
0.405197432919032 0.20661527114297
0.922525634487404 0.802469329350846
0.676515314111726 0.00281215272974789
0.0979258297467259 0.699709689104794
0.00716237910425401 0.857993540287946
0.0601297687087812 0.287801827438083
0.661325496463722 0.997145092579138
0.574805936578105 0.169669042886081
0.736436048865521 0.134621486596121
0.934518041524346 0.827231489972785
0.490003778827378 0.674657491349921
0.693464316284966 0.144553687956442
0.533027799116926 0.0219490109113739
0.81576370113332 0.300059494702173
0.0979059478723937 0.943898859873367
0.76833942568318 0.906046256379246
0.564008382877339 0.799637788813393
0.824636146810202 0.930859844633778
0.493584816108264 0.634797080249897
0.75213290692872 0.423231367218882
0.653688683944609 0.231927266452428
0.618682680473981 0.792674450107233
0.449755210173202 0.965158134682643
0.957101644462487 0.591951988913097
0.868344421902832 0.564691376203993
0.541461508973251 0.0865054969147339
0.350708394940341 0.918189283887944
0.476824152039748 0.73053994156911
0.513150954858005 0.777971946530962
0.26944153023392 0.654566303200352
0.187048451596428 0.797866335044553
0.601803741232401 0.0632635192308871
0.0896541146047665 0.154083512329535
0.723793444560745 0.86168770765033
0.172508945768936 0.643946091944327
0.676084226777816 0.101638968615625
0.382488579667401 0.511286674305464
0.173542806028176 0.258076512374951
0.0559748108759405 0.900789866177733
0.69479847778324 0.567869664434283
0.0648473664488864 0.223811712220223
0.431715072799341 0.533214571668401
0.402437350900116 0.681833928768446
0.555337861438905 0.645819098989395
0.322813636773645 0.0940962052410916
0.417708889775774 0.715612869577302
0.365355550015976 0.0975666037283682
0.236182915622454 0.855822348900057
0.630123525220027 0.555419161243094
0.703020335502466 0.295671697843667
0.241364690121899 0.0954139368121577
0.41944304314416 0.224398329958505
0.888607149426177 0.439822540357626
0.704016917247333 0.839421720634877
0.744646477859768 0.218747639664797
0.67456513069317 0.612361088680272
0.0831734687477227 0.701571865799637
0.589718936751466 0.963236739376204
0.366151262245211 0.0685891695639999
0.660826168330771 0.407820185836321
0.59874565089063 0.0779743455713495
0.538874070876685 0.0784127405278444
0.226237202168553 0.960471357200514
0.736283418599648 0.284921975939033
0.275103758683011 0.317720457128119
0.627952987154924 0.500555649632847
0.197769530675267 0.399126779939573
0.326504974312384 0.969433429636729
0.804368669076063 0.207316742840836
0.644607422242224 0.96261481054249
0.977817011521113 0.715916140804028
0.901172621129627 0.104065997108848
0.419531074547922 0.805347801095502
0.632439400829579 0.663783684216339
0.507847666976903 0.272946176246249
0.489671086654845 0.561534355656027
0.894592992912323 0.295200149666145
0.696926046953037 0.163390344550549
0.556539865935473 0.341030302616316
0.998161127789952 0.928135792225663
0.703539121757978 0.4190949413083
0.564317961951866 0.426926020731649
0.590794652509873 0.174009481060323
0.414591558005005 0.68404668880815
0.375066891487253 0.620285507114737
0.158868070300141 0.158834519404375
0.423981747321776 0.698211357788281
0.430003174315208 0.882829510086602
0.176801724441723 0.434808073767837
0.658881665979923 0.42088940107305
0.328031956370935 0.0724997343833091
0.77707430896213 0.00215758243676162
0.828049370473274 0.0664186314988968
0.605962656720524 0.902569381009121
0.702200732986536 0.163114629761835
0.412893563701256 0.463338366459747
0.209155615050884 0.716471630016561
0.259075688784512 0.558722070212812
0.151598178852162 0.474246600397977
0.513271344598975 0.245521593487599
0.390756243090497 0.948392712021429
0.288716792729086 0.887562159862165
0.114078105946108 0.33083656725047
0.137552608334251 0.196381635124042
0.865196975350937 0.814096536866434
0.986588620108826 0.121731792167636
0.682148636636393 0.577271726716902
0.600103835854728 0.631039387374669
0.64202063234617 0.562160379515104
0.598876650258376 0.524376021010976
0.568046824339799 0.512022176995884
0.981845955821614 0.211952261725418
0.207391943413481 0.695529703840394
0.949678904353491 0.707510117305215
0.43913566900377 0.871281104102396
0.73123133123444 0.702555124043746
0.921536729168862 0.413360072492324
0.030133157982553 0.379639244349505
0.783782941654223 0.889512149099965
0.888079476490654 0.497212803222804
0.928866023164646 0.409581021596483
0.0373724056581838 0.888104196120102
0.176526009653009 0.29116177153362
0.781189729823354 0.631883888333982
0.116367794161834 0.628036301409843
0.916701437866642 0.589437799337058
0.875369950139602 0.988895323587998
0.6774747691478 0.878734066094614
0.966546756199816 0.0767645310036673
0.680170216448684 0.418548402105713
0.381157662896978 0.430042491029036
0.757245966120272 0.993915871248541
0.0828652056319943 0.284033496065081
0.200195062998773 0.26878856414407
0.547138568734349 0.220464591505222
0.847256445720446 0.752508483246206
0.67408090302445 0.101663847035572
0.595509997846331 0.158465802743317
0.4746497713377 0.0937417597015117
0.0354262520724098 0.916230171879861
0.914339974017041 0.31779501601951
0.591142323143381 0.811099367593927
0.954579666235754 0.141793531897382
0.827185173904144 0.932641405580864
0.735885303344524 0.151399091887939
0.41309248814969 0.707018410650556
0.20934193265128 0.46953107438494
0.116055140325825 0.498823532135609
0.652335055476211 0.0434565344096425
0.805238990488108 0.892492513587928
0.0909667085348473 0.512401165679284
0.0847453195996328 0.895903202656611
0.780779855689397 0.164192954620436
0.915356896312608 0.77370610310403
0.393385325741668 0.519008966404483
0.404084294756914 0.872804996498304
0.0413382789312574 0.763940044568824
0.504208428088673 0.0633626468774689
0.838900167885656 0.946146598526345
0.0393362050127872 0.941071673734613
0.456848322160937 0.267553657417909
0.532903260799545 0.39573947684641
0.807372103355533 0.140238035069889
0.543166550594925 0.20454982863951
0.985608706709747 0.0966864657107212
0.506130747267106 0.431193236928057
0.288502769213404 0.142933738484482
0.825263463345013 0.401938808337757
0.233049696419877 0.695239120486769
0.03031951190453 0.790386711615318
0.226436635584774 0.053479070800114
0.539256079839196 0.216876336940041
0.747314797131026 0.540287491651386
0.665680131719299 0.445401888082457
0.965322646296268 0.0526924934483564
0.659923364249954 0.706188456949866
0.00412032939685524 0.864167316753495
0.435644191426991 0.823413051116938
0.979497904879739 0.689005842753223
0.0885310993010789 0.640541820619508
0.621026404025511 0.710807067673098
0.788097396394283 0.296698860030947
0.0128782191373772 0.972891057828856
0.5843022272849 0.898404540446775
0.93867658122381 0.102269619750916
0.830312950457592 0.143661047398886
0.915827086621815 0.248949493397469
0.714635038149839 0.403369251360823
0.728297577578713 0.316026923859504
0.648424679715384 0.267084611704147
0.474557903350591 0.0977646625124685
0.239227182343242 0.93291621326139
0.436763101460767 0.79994229031724
0.427072907531202 0.424335452459909
0.707289547057491 0.00185041222807505
0.422440903458018 0.544043853666654
0.606708021185691 0.389777691285022
0.169360307589807 0.515629567911676
0.265381674405831 0.242557219808249
0.203998117802664 0.774423739302169
0.955985264366486 0.767275591272523
0.506725306858646 0.863053026545352
0.222379542990764 0.516262316851067
0.790361370328051 0.755170835999386
0.149532278603656 0.0322749400661676
0.0951154735382253 0.663470981020234
0.040581163037839 0.821446487596932
0.165983917268917 0.523261741513043
0.471579885329856 0.855181183132893
0.859935758570179 0.212935928820137
0.545818150297654 0.159966774824991
0.191114993389284 0.936826168995735
0.679828716292898 0.286269096790938
0.536953026213196 0.526049395336793
0.0795891858076626 0.199005470238163
0.137987576954992 0.485740357770464
0.112028806056841 0.874000940413215
0.311099347337661 0.707282312078067
0.591039355653822 0.37617415579789
0.710536670270626 0.9205007846097
0.00958091998918956 0.671902071531816
0.274803173856252 0.675014606991324
0.90673493868985 0.758969922437784
0.503462690628815 0.785261533588758
0.223793774016105 0.646098566076764
0.0440496825818204 0.410200491272938
0.38262146123807 0.991062188982527
0.228605589004515 0.796018489541495
0.57616059788324 0.569899137862911
0.183224310252454 0.936110446199826
0.979309290637872 0.264311974991258
0.675581650191723 0.950526808365493
0.894287363111175 0.609375115767762
0.551442174963393 0.166580222624624
0.510347140259271 0.45870160519085
0.93222238585922 0.0954057295319651
0.144644512862267 0.939434973960479
0.203355008830947 0.873916078765838
0.885163600968739 0.51610038639796
0.0300912303058855 0.920858793855113
0.782806406162123 0.751691492624437
0.302255621320687 0.433490619730898
0.154955787656343 0.727787085682055
0.103118896532393 0.120966617074314
0.645395351408699 0.515080857796167
0.131121714194828 0.0211402177909111
0.192949845545436 0.7744262240708
0.941191493971828 0.745268944997931
0.996320421340093 0.324276365490759
0.780727243880149 0.297359822922088
0.207527747474391 0.336882468004191
0.274914393329487 0.765092168825256
0.713876180217544 0.948643953049855
0.265555978410671 0.443186487277591
0.787707180151579 0.354689510238678
0.910854888572756 0.0600602114852798
0.539807907557025 0.262365516397341
0.153304040037703 0.227617798013435
0.962056353670571 0.242091030460825
0.795571020709151 0.166500277429121
0.506256219235368 0.430475557889079
0.521184871215925 0.995266282463105
0.327579890996022 0.911082168068309
0.902455883986529 0.370218288791468
0.998243479988651 0.458086063833016
0.877595657425744 0.56088723547798
0.735373142517811 0.732731407383797
0.713331046380722 0.445923938157933
0.47677709929495 0.537163452495431
0.719614439513355 0.206311834606487
0.462231107271384 0.659932409254803
0.333259436922734 0.290705841170021
0.604225969223411 0.0710615027095478
0.481332310233886 0.930584329148095
0.621122184033097 0.713573695958393
0.78321259132736 0.754229390879268
0.528705344781608 0.614226966451028
0.79110360368672 0.777052189585311
0.815697596788266 0.279648110866383
0.437512277829234 0.802794012149234
0.0461880690633264 0.895337689619203
0.44494300728894 0.329621116318564
0.477093852812934 0.349967653094776
0.324687068967469 0.807076500173228
0.549034470016618 0.70738010187977
0.750840698718485 0.42489290117514
0.52247659094747 0.589259186102664
0.704269170157737 0.846323809980566
0.0972161209663451 0.230479030045904
0.391040313239694 0.256518388286474
0.429749857834424 0.971871554838434
0.749096104758371 0.284669784030258
0.674873472505656 0.123366266546476
0.0321818906963719 0.121146176066783
0.941627803697077 0.936278856795411
0.630226341369667 0.197128988428567
0.0996511746661976 0.916820427364121
0.160123765543161 0.566893417652181
0.214989401965863 0.00363832060417082
0.813611988357088 0.254258316128635
0.746374433742079 0.674255810060657
0.381549859131477 0.913742082153327
0.962732997239909 0.35831969015222
0.231752799931799 0.939446158678944
0.909957796293291 0.944779793706154
0.679836068618966 0.585218566742362
0.888607797626689 0.180993889542759
0.37304415431481 0.0743165142248927
0.146241584860832 0.160273223258682
0.654747643812908 0.353727586266458
0.317785762398404 0.203540892900685
0.865448696476151 0.612755613221207
0.0771537605101027 0.553711710289918
0.325241726508942 0.60565616358335
0.429135420559503 0.137375752505556
0.631334408014703 0.0935778003621743
0.416867041688816 0.136781997111059
0.510143954544395 0.755494047773766
0.590321695706957 0.835354022605044
0.321936786790349 0.316553782353436
0.891613466614677 0.0927357320174276
0.211188379773492 0.996848009990923
0.256442788176445 0.0450077746273055
0.308521190801878 0.918657285123438
0.54377627304931 0.0858072513182681
0.420651832791349 0.0547161787071806
0.348890676791263 0.45988440209063
0.936472553730231 0.542833540841394
0.808807113584507 0.768794245910269
0.836588321643224 0.409021286949991
0.033077963643278 0.626096636348449
0.510310738119441 0.772582043787736
0.313445385691452 0.586258268256792
0.168351525053546 0.75182580051563
0.670849934998364 0.617550106541044
0.483994818517936 0.310887562255788
0.838336436468333 0.338193861459472
0.462114119651781 0.225050030380976
0.992352513127193 0.868600686485227
0.356312825044763 0.0321459858827973
0.24519051948804 0.406584441385504
0.0618798905340395 0.343328169241235
0.716723919714207 0.576618229307522
0.744687123570911 0.956982639598186
0.200309443380828 0.967310413703001
0.94668693418926 0.821527449796688
0.99876570096182 0.912915499840358
0.283475818710158 0.265516830266228
0.582424993897986 0.438606335985757
0.683402624299472 0.670184519919653
0.87665624957376 0.556695390286248
0.247807350125074 0.926226166508266
0.601812432800332 0.10976427053556
0.216379742238847 0.010696815331791
0.997770282438849 0.711422523349255
0.550481027714201 0.940206427099279
0.412481420865507 0.804442335760427
0.163830767461951 0.626493522257774
0.56421674581441 0.166982568878207
0.0558581240735287 0.736827156383929
0.841571144685881 0.211368885455359
0.551516357134802 0.703539521295363
0.670863172351785 0.662467368721248
0.312121861293969 0.925420936627975
0.0547180427493146 0.196597289385552
0.64262503648299 0.553746177141436
0.185198062185756 0.68612830512511
0.155489736309037 0.688495129201792
0.15877709126043 0.135653724025774
0.741515736440902 0.606959649178646
0.360238487068675 0.73399030823912
0.959212357159337 0.488886920031573
0.4168293859888 0.00648050708998018
0.409046028931181 0.194323365201393
