0.333333333333333 0.2
0.666666666666667 0.4
0.111111111111111 0.6
0.444444444444444 0.8
0.777777777777778 0.04
0.222222222222222 0.24
0.555555555555556 0.44
0.888888888888889 0.64
0.037037037037037 0.84
0.37037037037037 0.08
0.703703703703704 0.28
0.148148148148148 0.48
0.481481481481481 0.68
0.814814814814815 0.88
0.259259259259259 0.12
0.592592592592593 0.32
0.925925925925926 0.52
0.0740740740740741 0.72
0.407407407407407 0.92
0.740740740740741 0.16
0.185185185185185 0.36
0.518518518518518 0.56
0.851851851851852 0.76
0.296296296296296 0.96
0.62962962962963 0.008
0.962962962962963 0.208
0.0123456790123457 0.408
0.345679012345679 0.608
0.679012345679012 0.808
0.123456790123457 0.048
0.45679012345679 0.248
0.790123456790123 0.448
0.234567901234568 0.648
0.567901234567901 0.848
0.901234567901235 0.088
0.0493827160493827 0.288
0.382716049382716 0.488
0.716049382716049 0.688
0.160493827160494 0.888
0.493827160493827 0.128
0.82716049382716 0.328
0.271604938271605 0.528
0.604938271604938 0.728
0.938271604938272 0.928
0.0864197530864197 0.168
0.419753086419753 0.368
0.753086419753086 0.568
0.197530864197531 0.768
0.530864197530864 0.968
0.864197530864197 0.016
0.308641975308642 0.216
0.641975308641975 0.416
0.975308641975309 0.616
0.0246913580246914 0.816
0.358024691358025 0.056
0.691358024691358 0.256
0.135802469135802 0.456
0.469135802469136 0.656
0.802469135802469 0.856
0.246913580246914 0.096
0.580246913580247 0.296
0.91358024691358 0.496
0.0617283950617284 0.696
0.395061728395062 0.896
0.728395061728395 0.136
0.172839506172839 0.336
0.506172839506173 0.536
0.839506172839506 0.736
0.283950617283951 0.936
0.617283950617284 0.176
0.950617283950617 0.376
0.0987654320987654 0.576
0.432098765432099 0.776
0.765432098765432 0.976
0.209876543209877 0.024
0.54320987654321 0.224
0.876543209876543 0.424
0.320987654320988 0.624
0.654320987654321 0.824
0.987654320987654 0.064
0.00411522633744856 0.264
0.337448559670782 0.464
0.670781893004115 0.664
0.11522633744856 0.864
0.448559670781893 0.104
0.781893004115226 0.304
0.226337448559671 0.504
0.559670781893004 0.704
0.893004115226337 0.904
0.0411522633744856 0.144
0.374485596707819 0.344
0.707818930041152 0.544
0.152263374485597 0.744
0.48559670781893 0.944
0.818930041152263 0.184
0.263374485596708 0.384
0.596707818930041 0.584
0.930041152263374 0.784
0.0781893004115226 0.984
0.411522633744856 0.032
0.744855967078189 0.232
0.189300411522634 0.432
0.522633744855967 0.632
0.8559670781893 0.832
0.300411522633745 0.072
0.633744855967078 0.272
0.967078189300411 0.472
0.0164609053497942 0.672
0.349794238683128 0.872
0.683127572016461 0.112
0.127572016460905 0.312
0.460905349794239 0.512
0.794238683127572 0.712
0.238683127572016 0.912
0.57201646090535 0.152
0.905349794238683 0.352
0.0534979423868313 0.552
0.386831275720165 0.752
0.720164609053498 0.952
0.164609053497942 0.192
0.497942386831276 0.392
0.831275720164609 0.592
0.275720164609053 0.792
0.609053497942387 0.992
0.94238683127572 0.0016
0.0905349794238683 0.2016
0.423868312757202 0.4016
0.757201646090535 0.6016
0.201646090534979 0.8016
0.534979423868313 0.0416
0.868312757201646 0.2416
0.31275720164609 0.4416
0.646090534979424 0.6416
0.979423868312757 0.8416
0.0288065843621399 0.0816
0.362139917695473 0.2816
0.695473251028807 0.4816
0.139917695473251 0.6816
0.473251028806584 0.8816
0.806584362139918 0.1216
0.251028806584362 0.3216
0.584362139917695 0.5216
0.917695473251029 0.7216
0.0658436213991769 0.9216
0.39917695473251 0.1616
0.732510288065844 0.3616
0.176954732510288 0.5616
0.510288065843621 0.7616
0.843621399176955 0.9616
0.288065843621399 0.0096
0.621399176954732 0.2096
0.954732510288066 0.4096
0.102880658436214 0.6096
0.436213991769547 0.8096
0.769547325102881 0.0496
0.213991769547325 0.2496
0.547325102880658 0.4496
0.880658436213992 0.6496
0.325102880658436 0.8496
0.65843621399177 0.0896
0.991769547325103 0.2896
0.00823045267489712 0.4896
0.34156378600823 0.6896
0.674897119341564 0.8896
0.119341563786008 0.1296
0.452674897119342 0.3296
0.786008230452675 0.5296
0.230452674897119 0.7296
0.563786008230453 0.9296
0.897119341563786 0.1696
0.0452674897119342 0.3696
0.378600823045267 0.5696
0.711934156378601 0.7696
0.156378600823045 0.9696
0.489711934156379 0.0176
0.823045267489712 0.2176
0.267489711934156 0.4176
0.60082304526749 0.6176
0.934156378600823 0.8176
0.0823045267489712 0.0576
0.415637860082305 0.2576
0.748971193415638 0.4576
0.193415637860082 0.6576
0.526748971193416 0.8576
0.860082304526749 0.0976
0.304526748971193 0.2976
0.637860082304527 0.4976
0.97119341563786 0.6976
0.0205761316872428 0.8976
0.353909465020576 0.1376
0.687242798353909 0.3376
0.131687242798354 0.5376
0.465020576131687 0.7376
0.79835390946502 0.9376
0.242798353909465 0.1776
0.576131687242798 0.3776
0.909465020576132 0.5776
0.0576131687242798 0.7776
0.390946502057613 0.9776
0.724279835390947 0.0256
0.168724279835391 0.2256
0.502057613168724 0.4256
0.835390946502057 0.6256
0.279835390946502 0.8256
0.613168724279835 0.0656
0.946502057613169 0.2656
0.0946502057613169 0.4656
0.42798353909465 0.6656
0.761316872427984 0.8656
0.205761316872428 0.1056
0.539094650205761 0.3056
0.872427983539094 0.5056
0.316872427983539 0.7056
0.650205761316872 0.9056
0.983539094650206 0.1456
0.0329218106995885 0.3456
0.366255144032922 0.5456
0.699588477366255 0.7456
0.1440329218107 0.9456
0.477366255144033 0.1856
0.810699588477366 0.3856
0.255144032921811 0.5856
0.588477366255144 0.7856
0.921810699588477 0.9856
0.0699588477366255 0.0336
0.403292181069959 0.2336
0.736625514403292 0.4336
0.181069958847737 0.6336
0.51440329218107 0.8336
0.847736625514403 0.0736
0.292181069958848 0.2736
0.625514403292181 0.4736
0.958847736625514 0.6736
0.106995884773663 0.8736
0.440329218106996 0.1136
0.773662551440329 0.3136
0.218106995884774 0.5136
0.551440329218107 0.7136
0.88477366255144 0.9136
0.329218106995885 0.1536
0.662551440329218 0.3536
0.995884773662551 0.5536
0.00137174211248285 0.7536
0.334705075445816 0.9536
0.668038408779149 0.1936
0.112482853223594 0.3936
0.445816186556927 0.5936
0.77914951989026 0.7936
0.223593964334705 0.9936
0.556927297668038 0.0032
0.890260631001372 0.2032
0.0384087791495199 0.4032
0.371742112482853 0.6032
0.705075445816187 0.8032
0.149519890260631 0.0432
0.482853223593964 0.2432
0.816186556927297 0.4432
0.260631001371742 0.6432
0.593964334705075 0.8432
0.927297668038409 0.0832
0.0754458161865569 0.2832
0.40877914951989 0.4832
0.742112482853224 0.6832
0.186556927297668 0.8832
0.519890260631001 0.1232
0.853223593964335 0.3232
0.297668038408779 0.5232
0.631001371742112 0.7232
0.964334705075446 0.9232
0.0137174211248285 0.1632
0.347050754458162 0.3632
0.680384087791495 0.5632
0.12482853223594 0.7632
0.458161865569273 0.9632
0.791495198902606 0.0112
0.235939643347051 0.2112
0.569272976680384 0.4112
0.902606310013717 0.6112
0.0507544581618656 0.8112
0.384087791495199 0.0512
0.717421124828532 0.2512
0.161865569272977 0.4512
0.49519890260631 0.6512
0.828532235939643 0.8512
0.272976680384088 0.0912
0.606310013717421 0.2912
0.939643347050754 0.4912
0.0877914951989026 0.6912
0.421124828532236 0.8912
0.754458161865569 0.1312
0.198902606310014 0.3312
0.532235939643347 0.5312
0.86556927297668 0.7312
0.310013717421125 0.9312
0.643347050754458 0.1712
0.976680384087791 0.3712
0.0260631001371742 0.5712
0.359396433470508 0.7712
0.692729766803841 0.9712
0.137174211248285 0.0192
0.470507544581619 0.2192
0.803840877914952 0.4192
0.248285322359396 0.6192
0.58161865569273 0.8192
0.914951989026063 0.0592
0.0631001371742112 0.2592
0.396433470507545 0.4592
0.729766803840878 0.6592
0.174211248285322 0.8592
0.507544581618656 0.0992
0.840877914951989 0.2992
0.285322359396433 0.4992
0.618655692729767 0.6992
0.9519890260631 0.8992
0.100137174211248 0.1392
0.433470507544582 0.3392
0.766803840877915 0.5392
0.211248285322359 0.7392
0.544581618655693 0.9392
0.877914951989026 0.1792
0.322359396433471 0.3792
0.655692729766804 0.5792
0.989026063100137 0.7792
0.00548696844993141 0.9792
0.338820301783265 0.0272
0.672153635116598 0.2272
0.116598079561043 0.4272
0.449931412894376 0.6272
0.783264746227709 0.8272
0.227709190672154 0.0672
0.561042524005487 0.2672
0.89437585733882 0.4672
0.0425240054869684 0.6672
0.375857338820302 0.8672
0.709190672153635 0.1072
0.15363511659808 0.3072
0.486968449931413 0.5072
0.820301783264746 0.7072
0.264746227709191 0.9072
0.598079561042524 0.1472
0.931412894375857 0.3472
0.0795610425240055 0.5472
0.412894375857339 0.7472
0.746227709190672 0.9472
0.190672153635117 0.1872
0.52400548696845 0.3872
0.857338820301783 0.5872
0.301783264746228 0.7872
0.635116598079561 0.9872
0.968449931412894 0.0352
0.0178326474622771 0.2352
0.35116598079561 0.4352
0.684499314128944 0.6352
0.128943758573388 0.8352
0.462277091906722 0.0752
0.795610425240055 0.2752
0.240054869684499 0.4752
0.573388203017833 0.6752
0.906721536351166 0.8752
0.0548696844993141 0.1152
0.388203017832647 0.3152
0.721536351165981 0.5152
0.165980795610425 0.7152
0.499314128943759 0.9152
0.832647462277092 0.1552
0.277091906721536 0.3552
0.61042524005487 0.5552
0.943758573388203 0.7552
0.0919067215363512 0.9552
0.425240054869684 0.1952
0.758573388203018 0.3952
0.203017832647462 0.5952
0.536351165980795 0.7952
0.869684499314129 0.9952
0.314128943758573 0.0048
0.647462277091907 0.2048
0.98079561042524 0.4048
0.0301783264746228 0.6048
0.363511659807956 0.8048
0.696844993141289 0.0448
0.141289437585734 0.2448
0.474622770919067 0.4448
0.8079561042524 0.6448
0.252400548696845 0.8448
0.585733882030178 0.0848
0.919067215363512 0.2848
0.0672153635116598 0.4848
0.400548696844993 0.6848
0.733882030178326 0.8848
0.178326474622771 0.1248
0.511659807956104 0.3248
0.844993141289437 0.5248
0.289437585733882 0.7248
0.622770919067215 0.9248
0.956104252400549 0.1648
0.104252400548697 0.3648
0.43758573388203 0.5648
0.770919067215363 0.7648
0.215363511659808 0.9648
0.548696844993141 0.0128
0.882030178326474 0.2128
0.326474622770919 0.4128
0.659807956104252 0.6128
0.993141289437586 0.8128
0.00960219478737997 0.0528
0.342935528120713 0.2528
0.676268861454047 0.4528
0.120713305898491 0.6528
0.454046639231824 0.8528
0.787379972565158 0.0928
0.231824417009602 0.2928
0.565157750342935 0.4928
0.898491083676269 0.6928
0.046639231824417 0.8928
0.37997256515775 0.1328
0.713305898491084 0.3328
0.157750342935528 0.5328
0.491083676268861 0.7328
0.824417009602195 0.9328
0.268861454046639 0.1728
0.602194787379972 0.3728
0.935528120713306 0.5728
0.083676268861454 0.7728
0.417009602194787 0.9728
0.750342935528121 0.0208
0.194787379972565 0.2208
0.528120713305898 0.4208
0.861454046639232 0.6208
0.305898491083676 0.8208
0.63923182441701 0.0608
0.972565157750343 0.2608
0.0219478737997256 0.4608
0.355281207133059 0.6608
0.688614540466392 0.8608
0.133058984910837 0.1008
0.46639231824417 0.3008
0.799725651577503 0.5008
0.244170096021948 0.7008
0.577503429355281 0.9008
0.910836762688614 0.1408
0.0589849108367627 0.3408
0.392318244170096 0.5408
0.725651577503429 0.7408
0.170096021947874 0.9408
0.503429355281207 0.1808
0.83676268861454 0.3808
0.281207133058985 0.5808
0.614540466392318 0.7808
0.947873799725651 0.9808
0.0960219478737997 0.0288
0.429355281207133 0.2288
0.762688614540466 0.4288
0.207133058984911 0.6288
0.540466392318244 0.8288
0.873799725651577 0.0688
0.318244170096022 0.2688
0.651577503429355 0.4688
0.984910836762688 0.6688
0.0342935528120713 0.8688
0.367626886145405 0.1088
0.700960219478738 0.3088
0.145404663923182 0.5088
0.478737997256516 0.7088
0.812071330589849 0.9088
0.256515775034294 0.1488
0.589849108367627 0.3488
0.92318244170096 0.5488
0.0713305898491084 0.7488
0.404663923182442 0.9488
0.737997256515775 0.1888
0.182441700960219 0.3888
0.515775034293553 0.5888
0.849108367626886 0.7888
0.293552812071331 0.9888
0.626886145404664 0.0368
0.960219478737997 0.2368
0.108367626886145 0.4368
0.441700960219479 0.6368
0.775034293552812 0.8368
0.219478737997257 0.0768
0.55281207133059 0.2768
0.886145404663923 0.4768
0.330589849108368 0.6768
0.663923182441701 0.8768
0.997256515775034 0.1168
0.00274348422496571 0.3168
0.336076817558299 0.5168
0.669410150891632 0.7168
0.113854595336077 0.9168
0.44718792866941 0.1568
0.780521262002743 0.3568
0.224965706447188 0.5568
0.558299039780521 0.7568
0.891632373113855 0.9568
0.0397805212620027 0.1968
0.373113854595336 0.3968
0.706447187928669 0.5968
0.150891632373114 0.7968
0.484224965706447 0.9968
0.81755829903978 0.0064
0.262002743484225 0.2064
0.595336076817558 0.4064
0.928669410150892 0.6064
0.0768175582990398 0.8064
0.410150891632373 0.0464
0.743484224965706 0.2464
0.187928669410151 0.4464
0.521262002743484 0.6464
0.854595336076817 0.8464
0.299039780521262 0.0864
0.632373113854595 0.2864
0.965706447187929 0.4864
0.0150891632373114 0.6864
0.348422496570645 0.8864
0.681755829903978 0.1264
0.126200274348422 0.3264
0.459533607681756 0.5264
0.792866941015089 0.7264
0.237311385459534 0.9264
0.570644718792867 0.1664
0.9039780521262 0.3664
0.0521262002743484 0.5664
0.385459533607682 0.7664
0.718792866941015 0.9664
0.16323731138546 0.0144
0.496570644718793 0.2144
0.829903978052126 0.4144
0.274348422496571 0.6144
0.607681755829904 0.8144
0.941015089163237 0.0544
0.0891632373113855 0.2544
0.422496570644719 0.4544
0.755829903978052 0.6544
0.200274348422497 0.8544
0.53360768175583 0.0944
0.866941015089163 0.2944
0.311385459533608 0.4944
0.644718792866941 0.6944
0.978052126200274 0.8944
0.0274348422496571 0.1344
0.36076817558299 0.3344
0.694101508916324 0.5344
0.138545953360768 0.7344
0.471879286694102 0.9344
0.805212620027435 0.1744
0.249657064471879 0.3744
0.582990397805213 0.5744
0.916323731138546 0.7744
0.0644718792866941 0.9744
0.397805212620027 0.0224
0.731138545953361 0.2224
0.175582990397805 0.4224
0.508916323731139 0.6224
0.842249657064472 0.8224
0.286694101508916 0.0624
0.62002743484225 0.2624
0.953360768175583 0.4624
0.101508916323731 0.6624
0.434842249657064 0.8624
0.768175582990398 0.1024
0.212620027434842 0.3024
0.545953360768176 0.5024
0.879286694101509 0.7024
0.323731138545953 0.9024
0.657064471879287 0.1424
0.99039780521262 0.3424
0.00685871056241426 0.5424
0.340192043895748 0.7424
0.673525377229081 0.9424
0.117969821673525 0.1824
0.451303155006859 0.3824
0.784636488340192 0.5824
0.229080932784636 0.7824
0.56241426611797 0.9824
0.895747599451303 0.0304
0.0438957475994513 0.2304
0.377229080932785 0.4304
0.710562414266118 0.6304
0.155006858710562 0.8304
0.488340192043896 0.0704
0.821673525377229 0.2704
0.266117969821674 0.4704
0.599451303155007 0.6704
0.93278463648834 0.8704
0.0809327846364883 0.1104
0.414266117969822 0.3104
0.747599451303155 0.5104
0.192043895747599 0.7104
0.525377229080933 0.9104
0.858710562414266 0.1504
0.303155006858711 0.3504
0.636488340192044 0.5504
0.969821673525377 0.7504
0.0192043895747599 0.9504
0.352537722908093 0.1904
0.685871056241427 0.3904
0.130315500685871 0.5904
0.463648834019204 0.7904
0.796982167352538 0.9904
0.241426611796982 0.0384
0.574759945130316 0.2384
0.908093278463649 0.4384
0.056241426611797 0.6384
0.38957475994513 0.8384
0.722908093278464 0.0784
0.167352537722908 0.2784
0.500685871056241 0.4784
0.834019204389575 0.6784
0.278463648834019 0.8784
0.611796982167353 0.1184
0.945130315500686 0.3184
0.093278463648834 0.5184
0.426611796982167 0.7184
0.759945130315501 0.9184
0.204389574759945 0.1584
0.537722908093278 0.3584
0.871056241426612 0.5584
0.315500685871056 0.7584
0.64883401920439 0.9584
0.982167352537723 0.1984
0.0315500685871056 0.3984
0.364883401920439 0.5984
0.698216735253772 0.7984
0.142661179698217 0.9984
0.47599451303155 0.00032
0.809327846364883 0.20032
0.253772290809328 0.40032
0.587105624142661 0.60032
0.920438957475994 0.80032
0.0685871056241426 0.04032
0.401920438957476 0.24032
0.735253772290809 0.44032
0.179698216735254 0.64032
0.513031550068587 0.84032
0.84636488340192 0.08032
0.290809327846365 0.28032
0.624142661179698 0.48032
0.957475994513031 0.68032
0.10562414266118 0.88032
0.438957475994513 0.12032
0.772290809327846 0.32032
0.216735253772291 0.52032
0.550068587105624 0.72032
0.883401920438957 0.92032
0.327846364883402 0.16032
0.661179698216735 0.36032
0.994513031550069 0.56032
0.0109739368998628 0.76032
0.344307270233196 0.96032
0.677640603566529 0.00832
0.122085048010974 0.20832
0.455418381344307 0.40832
0.78875171467764 0.60832
0.233196159122085 0.80832
0.566529492455418 0.04832
0.899862825788752 0.24832
0.0480109739368999 0.44832
0.381344307270233 0.64832
0.714677640603567 0.84832
0.159122085048011 0.08832
0.492455418381344 0.28832
0.825788751714677 0.48832
0.270233196159122 0.68832
0.603566529492455 0.88832
0.936899862825789 0.12832
0.0850480109739369 0.32832
0.41838134430727 0.52832
0.751714677640604 0.72832
0.196159122085048 0.92832
0.529492455418381 0.16832
0.862825788751715 0.36832
0.307270233196159 0.56832
0.640603566529492 0.76832
0.973936899862826 0.96832
0.0233196159122085 0.01632
0.356652949245542 0.21632
0.689986282578875 0.41632
0.13443072702332 0.61632
0.467764060356653 0.81632
0.801097393689986 0.05632
0.245541838134431 0.25632
0.578875171467764 0.45632
0.912208504801097 0.65632
0.0603566529492455 0.85632
0.393689986282579 0.09632
0.727023319615912 0.29632
0.171467764060357 0.49632
0.50480109739369 0.69632
0.838134430727023 0.89632
0.282578875171468 0.13632
0.615912208504801 0.33632
0.949245541838134 0.53632
0.0973936899862826 0.73632
0.430727023319616 0.93632
0.764060356652949 0.17632
0.208504801097394 0.37632
0.541838134430727 0.57632
0.87517146776406 0.77632
0.319615912208505 0.97632
0.652949245541838 0.02432
0.986282578875171 0.22432
0.0356652949245542 0.42432
0.368998628257888 0.62432
0.702331961591221 0.82432
0.146776406035665 0.06432
0.480109739368999 0.26432
0.813443072702332 0.46432
0.257887517146776 0.66432
0.59122085048011 0.86432
0.924554183813443 0.10432
0.0727023319615912 0.30432
0.406035665294925 0.50432
0.739368998628258 0.70432
0.183813443072702 0.90432
0.517146776406036 0.14432
0.850480109739369 0.34432
0.294924554183813 0.54432
0.628257887517147 0.74432
0.96159122085048 0.94432
0.109739368998628 0.18432
0.443072702331962 0.38432
0.776406035665295 0.58432
0.220850480109739 0.78432
0.554183813443073 0.98432
0.887517146776406 0.03232
0.331961591220851 0.23232
0.665294924554184 0.43232
0.998628257887517 0.63232
0.000457247370827618 0.83232
0.333790580704161 0.07232
0.667123914037494 0.27232
0.111568358481939 0.47232
0.444901691815272 0.67232
0.778235025148605 0.87232
0.22267946959305 0.11232
0.556012802926383 0.31232
0.889346136259716 0.51232
0.0374942844078647 0.71232
0.370827617741198 0.91232
0.704160951074531 0.15232
0.148605395518976 0.35232
0.481938728852309 0.55232
0.815272062185642 0.75232
0.259716506630087 0.95232
0.59304983996342 0.19232
0.926383173296753 0.39232
0.0745313214449017 0.59232
0.407864654778235 0.79232
0.741197988111568 0.99232
0.185642432556013 0.00192
0.518975765889346 0.20192
0.852309099222679 0.40192
0.296753543667124 0.60192
0.630086877000457 0.80192
0.963420210333791 0.04192
0.0128029263831733 0.24192
0.346136259716507 0.44192
0.67946959304984 0.64192
0.123914037494284 0.84192
0.457247370827618 0.08192
0.790580704160951 0.28192
0.235025148605396 0.48192
0.568358481938729 0.68192
0.901691815272062 0.88192
0.0498399634202103 0.12192
0.383173296753544 0.32192
0.716506630086877 0.52192
0.160951074531321 0.72192
0.494284407864655 0.92192
0.827617741197988 0.16192
0.272062185642433 0.36192
0.605395518975766 0.56192
0.938728852309099 0.76192
0.0868770004572474 0.96192
0.420210333790581 0.00992
0.753543667123914 0.20992
0.197988111568358 0.40992
0.531321444901692 0.60992
0.864654778235025 0.80992
0.30909922267947 0.04992
0.642432556012803 0.24992
0.975765889346136 0.44992
0.025148605395519 0.64992
0.358481938728852 0.84992
0.691815272062186 0.08992
0.13625971650663 0.28992
0.469593049839963 0.48992
0.802926383173297 0.68992
0.247370827617741 0.88992
0.580704160951075 0.12992
0.914037494284408 0.32992
0.062185642432556 0.52992
0.395518975765889 0.72992
0.728852309099223 0.92992
0.173296753543667 0.16992
0.506630086877001 0.36992
0.839963420210334 0.56992
0.284407864654778 0.76992
0.617741197988112 0.96992
0.951074531321445 0.01792
0.099222679469593 0.21792
0.432556012802926 0.41792
0.76588934613626 0.61792
0.210333790580704 0.81792
0.543667123914037 0.05792
0.877000457247371 0.25792
0.321444901691815 0.45792
0.654778235025149 0.65792
0.988111568358482 0.85792
0.00457247370827618 0.09792
0.337905807041609 0.29792
0.671239140374943 0.49792
0.115683584819387 0.69792
0.449016918152721 0.89792
0.782350251486054 0.13792
0.226794695930498 0.33792
0.560128029263832 0.53792
0.893461362597165 0.73792
0.0416095107453132 0.93792
0.374942844078647 0.17792
0.70827617741198 0.37792
0.152720621856424 0.57792
0.486053955189758 0.77792
0.819387288523091 0.97792
0.263831732967535 0.02592
0.597165066300869 0.22592
0.930498399634202 0.42592
0.0786465477823502 0.62592
0.411979881115684 0.82592
0.745313214449017 0.06592
0.189757658893461 0.26592
0.523090992226795 0.46592
0.856424325560128 0.66592
0.300868770004572 0.86592
0.634202103337906 0.10592
0.967535436671239 0.30592
0.0169181527206219 0.50592
0.350251486053955 0.70592
0.683584819387288 0.90592
0.128029263831733 0.14592
0.461362597165066 0.34592
0.7946959304984 0.54592
0.239140374942844 0.74592
0.572473708276177 0.94592
0.905807041609511 0.18592
0.0539551897576589 0.38592
0.387288523090992 0.58592
0.720621856424326 0.78592
0.16506630086877 0.98592
0.498399634202103 0.03392
0.831732967535437 0.23392
0.276177411979881 0.43392
0.609510745313214 0.63392
0.942844078646548 0.83392
0.0909922267946959 0.07392
0.424325560128029 0.27392
0.757658893461363 0.47392
0.202103337905807 0.67392
0.53543667123914 0.87392
0.868770004572474 0.11392
0.313214449016918 0.31392
0.646547782350251 0.51392
0.979881115683585 0.71392
0.0292638317329675 0.91392
0.362597165066301 0.15392
0.695930498399634 0.35392
0.140374942844079 0.55392
0.473708276177412 0.75392
0.807041609510745 0.95392
0.25148605395519 0.19392
0.584819387288523 0.39392
0.918152720621856 0.59392
0.0663008687700046 0.79392
0.399634202103338 0.99392
0.732967535436671 0.00352
0.177411979881116 0.20352
0.510745313214449 0.40352
0.844078646547782 0.60352
0.288523090992227 0.80352
0.62185642432556 0.04352
0.955189757658893 0.24352
0.103337905807042 0.44352
0.436671239140375 0.64352
0.770004572473708 0.84352
0.214449016918153 0.08352
0.547782350251486 0.28352
0.881115683584819 0.48352
0.325560128029264 0.68352
0.658893461362597 0.88352
0.99222679469593 0.12352
0.00868770004572474 0.32352
0.342021033379058 0.52352
0.675354366712391 0.72352
0.119798811156836 0.92352
0.453132144490169 0.16352
0.786465477823502 0.36352
0.230909922267947 0.56352
0.56424325560128 0.76352
0.897576588934614 0.96352
0.0457247370827618 0.01152
0.379058070416095 0.21152
0.712391403749428 0.41152
0.156835848193873 0.61152
0.490169181527206 0.81152
0.823502514860539 0.05152
0.267946959304984 0.25152
0.601280292638317 0.45152
0.934613625971651 0.65152
0.0827617741197988 0.85152
0.416095107453132 0.09152
0.749428440786465 0.29152
0.19387288523091 0.49152
0.527206218564243 0.69152
0.860539551897576 0.89152
0.304983996342021 0.13152
0.638317329675354 0.33152
0.971650663008688 0.53152
0.0210333790580704 0.73152
0.354366712391404 0.93152
0.687700045724737 0.17152
0.132144490169182 0.37152
0.465477823502515 0.57152
0.798811156835848 0.77152
0.243255601280293 0.97152
0.576588934613626 0.01952
0.909922267946959 0.21952
0.0580704160951074 0.41952
0.391403749428441 0.61952
0.724737082761774 0.81952
0.169181527206219 0.05952
0.502514860539552 0.25952
0.835848193872885 0.45952
0.28029263831733 0.65952
0.613625971650663 0.85952
0.946959304983996 0.09952
0.0951074531321445 0.29952
0.428440786465478 0.49952
0.761774119798811 0.69952
0.206218564243256 0.89952
0.539551897576589 0.13952
0.872885230909922 0.33952
0.317329675354367 0.53952
0.6506630086877 0.73952
0.983996342021033 0.93952
0.0333790580704161 0.17952
0.366712391403749 0.37952
0.700045724737083 0.57952
0.144490169181527 0.77952
0.477823502514861 0.97952
0.811156835848194 0.02752
0.255601280292638 0.22752
0.588934613625972 0.42752
0.922267946959305 0.62752
0.0704160951074531 0.82752
0.403749428440786 0.06752
0.73708276177412 0.26752
0.181527206218564 0.46752
0.514860539551898 0.66752
0.848193872885231 0.86752
0.292638317329675 0.10752
0.625971650663009 0.30752
0.959304983996342 0.50752
0.10745313214449 0.70752
0.440786465477824 0.90752
0.774119798811157 0.14752
0.218564243255601 0.34752
0.551897576588935 0.54752
0.885230909922268 0.74752
0.329675354366712 0.94752
0.663008687700046 0.18752
0.996342021033379 0.38752
0.00182898948331047 0.58752
0.335162322816644 0.78752
0.668495656149977 0.98752
0.112940100594422 0.03552
0.446273433927755 0.23552
0.779606767261088 0.43552
0.224051211705533 0.63552
0.557384545038866 0.83552
0.890717878372199 0.07552
0.0388660265203475 0.27552
0.372199359853681 0.47552
0.705532693187014 0.67552
0.149977137631459 0.87552
0.483310470964792 0.11552
0.816643804298125 0.31552
0.26108824874257 0.51552
0.594421582075903 0.71552
0.927754915409236 0.91552
0.0759030635573845 0.15552
0.409236396890718 0.35552
0.742569730224051 0.55552
0.187014174668496 0.75552
0.520347508001829 0.95552
0.853680841335162 0.19552
0.298125285779607 0.39552
0.63145861911294 0.59552
0.964791952446273 0.79552
0.0141746684956561 0.99552
0.347508001828989 0.00512
